1294703, 0.0179533
62944, 3.33609e-05
288966, 1.67785e-05
1198340, 1.54274e-05
8583, 1.04322e-05
972508, 9.22018e-06
507169, 6.98934e-06
1025773, 6.49609e-06
78392, 6.47613e-06
541033, 6.28823e-06
606879, 6.11368e-06
507148, 5.37134e-06
741256, 5.16065e-06
799886, 4.56026e-06
227469, 4.52218e-06
643419, 4.1219e-06
31024, 3.59594e-06
1136951, 3.55565e-06
1011896, 3.17444e-06
430263, 3.16935e-06
493700, 2.62631e-06
115240, 2.51007e-06
528732, 2.36109e-06
765275, 2.35727e-06
30556, 2.14085e-06
1234268, 2.11005e-06
73786, 2.00339e-06
1205196, 1.99832e-06
407747, 1.68393e-06
772178, 1.67151e-06
43342, 1.63581e-06
123599, 1.53345e-06
119200, 1.51968e-06
516768, 1.42631e-06
752481, 1.33949e-06
217255, 1.28614e-06
741891, 1.26862e-06
932381, 1.25747e-06
266770, 1.252e-06
717167, 1.22905e-06
359668, 1.17678e-06
1029368, 1.14693e-06
641129, 1.142e-06
210265, 1.1403e-06
1018691, 1.13691e-06
319469, 1.07627e-06
104770, 1.07415e-06
241046, 9.92748e-07
1255498, 9.87541e-07
14653, 9.37002e-07
355167, 9.27446e-07
716875, 8.64406e-07
1253293, 8.61134e-07
288907, 8.34905e-07
1122307, 8.31049e-07
1056221, 8.06461e-07
1089709, 7.95401e-07
649534, 7.83594e-07
266025, 7.66229e-07
85809, 7.09071e-07
644901, 7.02267e-07
991310, 6.82936e-07
448980, 6.69225e-07
746217, 6.62291e-07
518532, 6.58057e-07
157371, 6.50574e-07
311428, 6.24388e-07
869114, 6.03782e-07
896477, 5.94701e-07
1001897, 5.74722e-07
446846, 5.36219e-07
380774, 5.08378e-07
520400, 5.07861e-07
596090, 5.06282e-07
806553, 4.80467e-07
531137, 4.48944e-07
116646, 4.30437e-07
921288, 4.06879e-07
536807, 3.74762e-07
499457, 3.67724e-07
305932, 3.51723e-07
631933, 3.49626e-07
24294, 3.33931e-07
449931, 3.30454e-07
167238, 3.2251e-07
1141709, 3.05548e-07
592401, 2.75519e-07
775585, 2.69005e-07
1285877, 2.68587e-07
1219422, 2.50755e-07
445584, 2.49607e-07
338191, 2.14602e-07
970557, 2.10409e-07
950871, 1.90756e-07
209591, 1.78203e-07
1244786, 1.76364e-07
485233, 1.67766e-07
438078, 1.62587e-07
739258, 1.62478e-07
35556, 1.6236e-07
451423, 1.532e-07
561002, 1.44483e-07
1180976, 1.43413e-07
617957, 1.38894e-07
801740, 1.38869e-07
1304449, 1.38759e-07
600869, 1.37929e-07
420073, 1.33355e-07
11960, 1.27301e-07
147951, 1.2668e-07
879515, 1.25275e-07
311891, 1.15427e-07
451511, 1.14204e-07
305562, 1.13108e-07
256642, 1.10285e-07
1095287, 1.08836e-07
1166003, 1.04739e-07
1218016, 9.98738e-08
620630, 9.5637e-08
635163, 9.21119e-08
685843, 9.0855e-08
34376, 8.65709e-08
141645, 8.04708e-08
1141104, 7.53143e-08
1059852, 7.40527e-08
627383, 7.33612e-08
1048591, 7.29141e-08
98446, 7.23749e-08
209181, 7.17456e-08
597793, 6.34549e-08
964883, 6.08038e-08
1220637, 6.01851e-08
710899, 5.90252e-08
824588, 5.84914e-08
25625, 5.74425e-08
169554, 5.64666e-08
1057392, 5.58157e-08
522749, 5.47066e-08
632525, 4.86696e-08
1310409, 4.82442e-08
1231680, 4.70923e-08
345418, 4.50389e-08
245687, 4.43381e-08
1081833, 4.34575e-08
661457, 4.28202e-08
122593, 4.20803e-08
1057579, 4.14306e-08
147524, 4.107e-08
753091, 4.08789e-08
1237156, 3.90895e-08
1061003, 3.63944e-08
224006, 3.57287e-08
1140381, 3.56956e-08
840031, 3.53538e-08
42690, 3.40424e-08
15319, 3.33793e-08
210798, 3.30595e-08
1226009, 3.26529e-08
545095, 3.24826e-08
1062229, 3.03333e-08
139319, 2.90517e-08
1236430, 2.85554e-08
880148, 2.81573e-08
374180, 2.78286e-08
1199133, 2.71241e-08
514269, 2.67825e-08
486850, 2.65536e-08
725839, 2.63597e-08
371124, 2.61488e-08
1270909, 2.4378e-08
627868, 2.39169e-08
833329, 2.37224e-08
216356, 2.23602e-08
271939, 1.93123e-08
343948, 1.88864e-08
984901, 1.87801e-08
640997, 1.82464e-08
554250, 1.79478e-08
1317764, 1.74384e-08
263867, 1.73324e-08
365350, 1.5763e-08
342549, 1.53746e-08
1019477, 1.53271e-08
283059, 1.52144e-08
620189, 1.47311e-08
1147032, 1.45409e-08
1077275, 1.4483e-08
456414, 1.43748e-08
1143474, 1.42245e-08
651399, 1.41292e-08
1156518, 1.31737e-08
987789, 1.27221e-08
1064038, 1.19445e-08
158545, 1.153e-08
1297829, 1.14816e-08
189423, 1.01547e-08
1032337, 9.85801e-09
1238363, 8.29219e-09
788114, 8.14373e-09
537190, 7.83237e-09
64148, 7.77671e-09
431822, 7.57399e-09
250542, 7.32779e-09
791677, 7.27849e-09
358977, 7.17283e-09
888773, 7.05865e-09
914690, 6.15963e-09
663953, 5.86179e-09
699045, 5.8444e-09
266836, 5.83734e-09
1265967, 4.99574e-09
262832, 4.83792e-09
994482, 4.46328e-09
712289, 4.18606e-09
133358, 4.1672e-09
1317952, 3.62376e-09
703015, 3.27421e-09
322140, 2.87935e-09
68233, 2.84751e-09
951756, 2.8474e-09
1068939, 2.77954e-09
132274, 2.76734e-09
890997, 2.7248e-09
1287665, 2.60587e-09
501003, 2.56815e-09
497350, 2.38697e-09
1167636, 2.21427e-09
978477, 2.20601e-09
477080, 2.18218e-09
1203854, 2.17575e-09
1251127, 2.0817e-09
1059112, 2.05876e-09
434671, 1.86209e-09
629239, 1.79319e-09
1206045, 1.74195e-09
561180, 1.69651e-09
713, 0
1064, 0
1484, 0
1591, 0
1739, 0
1866, 0
2187, 0
2518, 0
2959, 0
3374, 0
4081, 0
4129, 0
4251, 0
4637, 0
4822, 0
4981, 0
5417, 0
5812, 0
6493, 0
6800, 0
6889, 0
7206, 0
7210, 0
7358, 0
8258, 0
8720, 0
8760, 0
8938, 0
9242, 0
9329, 0
10094, 0
10221, 0
10352, 0
10801, 0
11190, 0
11199, 0
11520, 0
11548, 0
12072, 0
12143, 0
12289, 0
13070, 0
13851, 0
14372, 0
15116, 0
15435, 0
16441, 0
16976, 0
17283, 0
18284, 0
18700, 0
19470, 0
20365, 0
20629, 0
20907, 0
22326, 0
22429, 0
22952, 0
23279, 0
23609, 0
23722, 0
23901, 0
24548, 0
24618, 0
25207, 0
25696, 0
25955, 0
26323, 0
27252, 0
27562, 0
28531, 0
28548, 0
29129, 0
29729, 0
30492, 0
30493, 0
31267, 0
31704, 0
31998, 0
32146, 0
32375, 0
32691, 0
33307, 0
33688, 0
34012, 0
34013, 0
34778, 0
35075, 0
35432, 0
35581, 0
35855, 0
36535, 0
36700, 0
36809, 0
37241, 0
38695, 0
38892, 0
39910, 0
39978, 0
41672, 0
42130, 0
43356, 0
43400, 0
44060, 0
44083, 0
44855, 0
45830, 0
45838, 0
46152, 0
46245, 0
46705, 0
47269, 0
47371, 0
47589, 0
47665, 0
47690, 0
47720, 0
47864, 0
48443, 0
48722, 0
49450, 0
50586, 0
51202, 0
52585, 0
52749, 0
53098, 0
53810, 0
53812, 0
53823, 0
54060, 0
55673, 0
57119, 0
58012, 0
58062, 0
58515, 0
58764, 0
58791, 0
59734, 0
60987, 0
61448, 0
61768, 0
61824, 0
62297, 0
63043, 0
63238, 0
63679, 0
64066, 0
64634, 0
64721, 0
65417, 0
65652, 0
66122, 0
66129, 0
67025, 0
67324, 0
68404, 0
68810, 0
69028, 0
69369, 0
69612, 0
69830, 0
69972, 0
70137, 0
70261, 0
70611, 0
70914, 0
71010, 0
71241, 0
71581, 0
71594, 0
71616, 0
71621, 0
71709, 0
71830, 0
72012, 0
72188, 0
72377, 0
73097, 0
73165, 0
73782, 0
74225, 0
74443, 0
75358, 0
75368, 0
75518, 0
75564, 0
75608, 0
75612, 0
75629, 0
75825, 0
75828, 0
76584, 0
76858, 0
76933, 0
77461, 0
77475, 0
77819, 0
77896, 0
78189, 0
78256, 0
78453, 0
78755, 0
78765, 0
79407, 0
80334, 0
81315, 0
81655, 0
81677, 0
81729, 0
81821, 0
81855, 0
82104, 0
82219, 0
82512, 0
82735, 0
82778, 0
83012, 0
83138, 0
83174, 0
83705, 0
84116, 0
84448, 0
84514, 0
84554, 0
85468, 0
85730, 0
86025, 0
86061, 0
86348, 0
86547, 0
86659, 0
86753, 0
86789, 0
86934, 0
87131, 0
87340, 0
87405, 0
87498, 0
88007, 0
88426, 0
89527, 0
89597, 0
89896, 0
89898, 0
90082, 0
90139, 0
90781, 0
91208, 0
91615, 0
91657, 0
91694, 0
91762, 0
91764, 0
91869, 0
91888, 0
91964, 0
92013, 0
92067, 0
92128, 0
92278, 0
92598, 0
92862, 0
93124, 0
93953, 0
93957, 0
94054, 0
94073, 0
94177, 0
94485, 0
94774, 0
95191, 0
95291, 0
95920, 0
96263, 0
96709, 0
97234, 0
97866, 0
97874, 0
98240, 0
99046, 0
99062, 0
99169, 0
99465, 0
100204, 0
100604, 0
100616, 0
101165, 0
101219, 0
101293, 0
101968, 0
102458, 0
102499, 0
102520, 0
102948, 0
102978, 0
103051, 0
103412, 0
103489, 0
103518, 0
103639, 0
104005, 0
104042, 0
104789, 0
104797, 0
104799, 0
105725, 0
105746, 0
106458, 0
107169, 0
107620, 0
107790, 0
107894, 0
109129, 0
109281, 0
109337, 0
110513, 0
111921, 0
112501, 0
114716, 0
115536, 0
115982, 0
116204, 0
116289, 0
116339, 0
116342, 0
116479, 0
116698, 0
117125, 0
117440, 0
117676, 0
117845, 0
118623, 0
118930, 0
119150, 0
120050, 0
120635, 0
120707, 0
121117, 0
121126, 0
121413, 0
121695, 0
121761, 0
121892, 0
122241, 0
122617, 0
122747, 0
122807, 0
122856, 0
122970, 0
123374, 0
123472, 0
123582, 0
123898, 0
124672, 0
124691, 0
124929, 0
124979, 0
125106, 0
126545, 0
127760, 0
127824, 0
127830, 0
127865, 0
127933, 0
127943, 0
128351, 0
128641, 0
128819, 0
129115, 0
129263, 0
129466, 0
129724, 0
130383, 0
130413, 0
130464, 0
130996, 0
131338, 0
131753, 0
132679, 0
133280, 0
133927, 0
133998, 0
134190, 0
134352, 0
134525, 0
134614, 0
134819, 0
136168, 0
136221, 0
136377, 0
136773, 0
136827, 0
137101, 0
137208, 0
137683, 0
138044, 0
140077, 0
140321, 0
140409, 0
140623, 0
140903, 0
141229, 0
141713, 0
141716, 0
142214, 0
142728, 0
142887, 0
143036, 0
143271, 0
144459, 0
145193, 0
145420, 0
145512, 0
146228, 0
146507, 0
147195, 0
147302, 0
147356, 0
147491, 0
147625, 0
147783, 0
148158, 0
148201, 0
148595, 0
148644, 0
148742, 0
148812, 0
148832, 0
148846, 0
149217, 0
149702, 0
151302, 0
151331, 0
151875, 0
151986, 0
152219, 0
152675, 0
153201, 0
153218, 0
153386, 0
153478, 0
153539, 0
153574, 0
153611, 0
153662, 0
154103, 0
154304, 0
154389, 0
155324, 0
155354, 0
156028, 0
156061, 0
156214, 0
156217, 0
156435, 0
156647, 0
156776, 0
156911, 0
157037, 0
157515, 0
157556, 0
157907, 0
158102, 0
158142, 0
158217, 0
158359, 0
158482, 0
158485, 0
158559, 0
158577, 0
159094, 0
159152, 0
159411, 0
159685, 0
160560, 0
160810, 0
160937, 0
160946, 0
160997, 0
161004, 0
161492, 0
161697, 0
162020, 0
162411, 0
162610, 0
162613, 0
163644, 0
164232, 0
165425, 0
165511, 0
165887, 0
166682, 0
167163, 0
167437, 0
167956, 0
167988, 0
168105, 0
168120, 0
168135, 0
168312, 0
169361, 0
169648, 0
169780, 0
169953, 0
170046, 0
170365, 0
171451, 0
171795, 0
171841, 0
173496, 0
173896, 0
173991, 0
174265, 0
174445, 0
174843, 0
175577, 0
176037, 0
176491, 0
176524, 0
177576, 0
177908, 0
179108, 0
179148, 0
179303, 0
180085, 0
180965, 0
182721, 0
183417, 0
183443, 0
183735, 0
184896, 0
186035, 0
186337, 0
186589, 0
187745, 0
187917, 0
187980, 0
188044, 0
188337, 0
188820, 0
189271, 0
189997, 0
190629, 0
190704, 0
191300, 0
191349, 0
192042, 0
192081, 0
192144, 0
192462, 0
192745, 0
192752, 0
192902, 0
193106, 0
193119, 0
193471, 0
194012, 0
194108, 0
194199, 0
195371, 0
195638, 0
196025, 0
196668, 0
196926, 0
198077, 0
198616, 0
198654, 0
199818, 0
199854, 0
200098, 0
200149, 0
201116, 0
201701, 0
201932, 0
202090, 0
203128, 0
203817, 0
203834, 0
204600, 0
204854, 0
205981, 0
207641, 0
209280, 0
209297, 0
209778, 0
209968, 0
210529, 0
210608, 0
211241, 0
211523, 0
212644, 0
212693, 0
212987, 0
213144, 0
213509, 0
213676, 0
213880, 0
214404, 0
214524, 0
214629, 0
214883, 0
215000, 0
216193, 0
216520, 0
216529, 0
216686, 0
217143, 0
217159, 0
217596, 0
217779, 0
218030, 0
218062, 0
218152, 0
219827, 0
219837, 0
220215, 0
220510, 0
220817, 0
221428, 0
222478, 0
222587, 0
223353, 0
223696, 0
223760, 0
223769, 0
224026, 0
224069, 0
224102, 0
224318, 0
224561, 0
224750, 0
224774, 0
224910, 0
225354, 0
225521, 0
227122, 0
227139, 0
227204, 0
227220, 0
227368, 0
227695, 0
227957, 0
228317, 0
228796, 0
229802, 0
230278, 0
230301, 0
230435, 0
231076, 0
232003, 0
232758, 0
232972, 0
233685, 0
234303, 0
234386, 0
236464, 0
236841, 0
237020, 0
237183, 0
238067, 0
238277, 0
238294, 0
238336, 0
239016, 0
239189, 0
239236, 0
239346, 0
239634, 0
239836, 0
240232, 0
240296, 0
240802, 0
241060, 0
241269, 0
242789, 0
242986, 0
243385, 0
243425, 0
243997, 0
244661, 0
246533, 0
246766, 0
247706, 0
248033, 0
248034, 0
248148, 0
248501, 0
249029, 0
249112, 0
249758, 0
250276, 0
250524, 0
250825, 0
250987, 0
251044, 0
251162, 0
251267, 0
251515, 0
251588, 0
251591, 0
251620, 0
251724, 0
251932, 0
252052, 0
253261, 0
253674, 0
254186, 0
254841, 0
255133, 0
255784, 0
256265, 0
256412, 0
256454, 0
256788, 0
257173, 0
257616, 0
258317, 0
258492, 0
258562, 0
258837, 0
258887, 0
259051, 0
260638, 0
261211, 0
261302, 0
261759, 0
261955, 0
262034, 0
262269, 0
262399, 0
262446, 0
262475, 0
262611, 0
263165, 0
263272, 0
263335, 0
263719, 0
263943, 0
264097, 0
266019, 0
266101, 0
266248, 0
266304, 0
266440, 0
266653, 0
266671, 0
266730, 0
266890, 0
267478, 0
268215, 0
269100, 0
269335, 0
270995, 0
271556, 0
272601, 0
273978, 0
275842, 0
276021, 0
276077, 0
276390, 0
277347, 0
277437, 0
277575, 0
277731, 0
277862, 0
278304, 0
278401, 0
278554, 0
279306, 0
279464, 0
279694, 0
279808, 0
280262, 0
281071, 0
281387, 0
281845, 0
282297, 0
282582, 0
282598, 0
283391, 0
283495, 0
283713, 0
283966, 0
284018, 0
284073, 0
284254, 0
284541, 0
284868, 0
285099, 0
285744, 0
286025, 0
286218, 0
286289, 0
286494, 0
286591, 0
288187, 0
288333, 0
288423, 0
288492, 0
288502, 0
288683, 0
288854, 0
289729, 0
289965, 0
289988, 0
290427, 0
290436, 0
290635, 0
290968, 0
291013, 0
291382, 0
291598, 0
291712, 0
291864, 0
292396, 0
292489, 0
292753, 0
293266, 0
293772, 0
293801, 0
294305, 0
294510, 0
294555, 0
294761, 0
294824, 0
295817, 0
295949, 0
295965, 0
296958, 0
297502, 0
297931, 0
298035, 0
298553, 0
298640, 0
299276, 0
299703, 0
299934, 0
300168, 0
300432, 0
301655, 0
302131, 0
302694, 0
303214, 0
303523, 0
304159, 0
304387, 0
305007, 0
305716, 0
305777, 0
305957, 0
305993, 0
306014, 0
306494, 0
306635, 0
306662, 0
306926, 0
307096, 0
307179, 0
307227, 0
307405, 0
307406, 0
307444, 0
307632, 0
307640, 0
307744, 0
307893, 0
307901, 0
308537, 0
308582, 0
308736, 0
308857, 0
308917, 0
309018, 0
309104, 0
309218, 0
309260, 0
309315, 0
309382, 0
309582, 0
309738, 0
309937, 0
310207, 0
310265, 0
310402, 0
310779, 0
311050, 0
311129, 0
311146, 0
311192, 0
311600, 0
311656, 0
312086, 0
312227, 0
312399, 0
312872, 0
313371, 0
313466, 0
313683, 0
313734, 0
314352, 0
315236, 0
315244, 0
315247, 0
315250, 0
315458, 0
315463, 0
315859, 0
315916, 0
316147, 0
316163, 0
316226, 0
316391, 0
316455, 0
316592, 0
317163, 0
317404, 0
318666, 0
319157, 0
319644, 0
320072, 0
320986, 0
321058, 0
321299, 0
321836, 0
322916, 0
323742, 0
323935, 0
324268, 0
324388, 0
324781, 0
325304, 0
326187, 0
326250, 0
326354, 0
326391, 0
326994, 0
327395, 0
327409, 0
327487, 0
327532, 0
327777, 0
328746, 0
330222, 0
330659, 0
331560, 0
331664, 0
331802, 0
332975, 0
333523, 0
334307, 0
334356, 0
334504, 0
334579, 0
334655, 0
335055, 0
335081, 0
335273, 0
335404, 0
335598, 0
335664, 0
335768, 0
336244, 0
336664, 0
337782, 0
337826, 0
337851, 0
337886, 0
337964, 0
338821, 0
338895, 0
338930, 0
339917, 0
340005, 0
340229, 0
340916, 0
342513, 0
342523, 0
342578, 0
344454, 0
345235, 0
345286, 0
345365, 0
345865, 0
345937, 0
346193, 0
346290, 0
346964, 0
347186, 0
347244, 0
347268, 0
347825, 0
347827, 0
347939, 0
348045, 0
348494, 0
348775, 0
349789, 0
350271, 0
350953, 0
351627, 0
351664, 0
351757, 0
352066, 0
352779, 0
352814, 0
352847, 0
353928, 0
354979, 0
355137, 0
355746, 0
356372, 0
356904, 0
357230, 0
357247, 0
357360, 0
357417, 0
357465, 0
357532, 0
358248, 0
358367, 0
358558, 0
360608, 0
360968, 0
361056, 0
361170, 0
361226, 0
361418, 0
362098, 0
362103, 0
362902, 0
362966, 0
363134, 0
364574, 0
364902, 0
364942, 0
365742, 0
365789, 0
366321, 0
367492, 0
367537, 0
368140, 0
368197, 0
368476, 0
369469, 0
369762, 0
370616, 0
370796, 0
370943, 0
371597, 0
371605, 0
371726, 0
372199, 0
372271, 0
372522, 0
372975, 0
373644, 0
373830, 0
373882, 0
373924, 0
374248, 0
375319, 0
377080, 0
377716, 0
377717, 0
377775, 0
377800, 0
378085, 0
378218, 0
378220, 0
378551, 0
379999, 0
381217, 0
381331, 0
381580, 0
381934, 0
382198, 0
382357, 0
382921, 0
383071, 0
383153, 0
383218, 0
383389, 0
383793, 0
384124, 0
384328, 0
384439, 0
384532, 0
384915, 0
385523, 0
385858, 0
386440, 0
386574, 0
386648, 0
386788, 0
386831, 0
386836, 0
386887, 0
387158, 0
387231, 0
387318, 0
387363, 0
387717, 0
388485, 0
388588, 0
388904, 0
390345, 0
390352, 0
390356, 0
390372, 0
390826, 0
390837, 0
391026, 0
391185, 0
391224, 0
391430, 0
393174, 0
393680, 0
393983, 0
394090, 0
394173, 0
394176, 0
394575, 0
394587, 0
394639, 0
396642, 0
397105, 0
397251, 0
397449, 0
397565, 0
397596, 0
397614, 0
397711, 0
397950, 0
397973, 0
398119, 0
398235, 0
398402, 0
398407, 0
398415, 0
398453, 0
398911, 0
400083, 0
400155, 0
400633, 0
400894, 0
401725, 0
403506, 0
403603, 0
403623, 0
403728, 0
403805, 0
404594, 0
404845, 0
404954, 0
405014, 0
405181, 0
405223, 0
405678, 0
405739, 0
405985, 0
406016, 0
406639, 0
406643, 0
407852, 0
408468, 0
408484, 0
408493, 0
408548, 0
408957, 0
409040, 0
409175, 0
409441, 0
409632, 0
410804, 0
411345, 0
413477, 0
413762, 0
414244, 0
414297, 0
414872, 0
415073, 0
415164, 0
415277, 0
415366, 0
415370, 0
415807, 0
416120, 0
416248, 0
416571, 0
416776, 0
416809, 0
418196, 0
418318, 0
418407, 0
418493, 0
418501, 0
418783, 0
418933, 0
419420, 0
419803, 0
420388, 0
421380, 0
423209, 0
423554, 0
424223, 0
424824, 0
425333, 0
426102, 0
426609, 0
426712, 0
426861, 0
427146, 0
427566, 0
427625, 0
428339, 0
428763, 0
428800, 0
428816, 0
429714, 0
430459, 0
430498, 0
430833, 0
430983, 0
430998, 0
431163, 0
431463, 0
431819, 0
432503, 0
432734, 0
432796, 0
433076, 0
433935, 0
433984, 0
434257, 0
434846, 0
435093, 0
435854, 0
436160, 0
436176, 0
436954, 0
437315, 0
437622, 0
438731, 0
439359, 0
439480, 0
439695, 0
440469, 0
441083, 0
441257, 0
441399, 0
442411, 0
442953, 0
443978, 0
444061, 0
444336, 0
444520, 0
444565, 0
445356, 0
445448, 0
445690, 0
446624, 0
446759, 0
446898, 0
447356, 0
447565, 0
448692, 0
449115, 0
449859, 0
450513, 0
450735, 0
450843, 0
450962, 0
450986, 0
450992, 0
451630, 0
451987, 0
452144, 0
452270, 0
453608, 0
453856, 0
454349, 0
454965, 0
455061, 0
455141, 0
455196, 0
455308, 0
456005, 0
456075, 0
456123, 0
456405, 0
457332, 0
457745, 0
458060, 0
458624, 0
459054, 0
459356, 0
460509, 0
460795, 0
461039, 0
461760, 0
462370, 0
462373, 0
462674, 0
462864, 0
463643, 0
463749, 0
464179, 0
464768, 0
464909, 0
465131, 0
465137, 0
465387, 0
465890, 0
465931, 0
466319, 0
466780, 0
467170, 0
467811, 0
468160, 0
468689, 0
468848, 0
468958, 0
469125, 0
469244, 0
469259, 0
469333, 0
469349, 0
469579, 0
470037, 0
470189, 0
470377, 0
470406, 0
470954, 0
471342, 0
471607, 0
471787, 0
472702, 0
473143, 0
473773, 0
474204, 0
474593, 0
474653, 0
474903, 0
475101, 0
475107, 0
475239, 0
475876, 0
476276, 0
476587, 0
476843, 0
477232, 0
477299, 0
477567, 0
477741, 0
477951, 0
478087, 0
478092, 0
478195, 0
478303, 0
478315, 0
478345, 0
478359, 0
478557, 0
479119, 0
479330, 0
479372, 0
479692, 0
479824, 0
480041, 0
480733, 0
480881, 0
481019, 0
481785, 0
482015, 0
482025, 0
482434, 0
482484, 0
482513, 0
482555, 0
482714, 0
482800, 0
482941, 0
483417, 0
484126, 0
484312, 0
484691, 0
485071, 0
486350, 0
487157, 0
487582, 0
487767, 0
487781, 0
488089, 0
488856, 0
488924, 0
488939, 0
489147, 0
489378, 0
489540, 0
489576, 0
489617, 0
490063, 0
490574, 0
490910, 0
491167, 0
491546, 0
492604, 0
493206, 0
493667, 0
493725, 0
493932, 0
494683, 0
494916, 0
495295, 0
496711, 0
496770, 0
498382, 0
499698, 0
499874, 0
500266, 0
500812, 0
500918, 0
501287, 0
503563, 0
503748, 0
503960, 0
504907, 0
505257, 0
505901, 0
506346, 0
506397, 0
506564, 0
506716, 0
507850, 0
507961, 0
508121, 0
509178, 0
509384, 0
509567, 0
509615, 0
509735, 0
509771, 0
509803, 0
509904, 0
510711, 0
510911, 0
512737, 0
512764, 0
513072, 0
513096, 0
513114, 0
513490, 0
514336, 0
514595, 0
514733, 0
514858, 0
515120, 0
515243, 0
515591, 0
515914, 0
515923, 0
515956, 0
516333, 0
516591, 0
517108, 0
517149, 0
517320, 0
517412, 0
517772, 0
517774, 0
517797, 0
517881, 0
518106, 0
518478, 0
518950, 0
518994, 0
519154, 0
519294, 0
519422, 0
519506, 0
519588, 0
520168, 0
520244, 0
520255, 0
520794, 0
522011, 0
522083, 0
522133, 0
522693, 0
522988, 0
523455, 0
523574, 0
523943, 0
524983, 0
525019, 0
525487, 0
525756, 0
526122, 0
526349, 0
526444, 0
526688, 0
527523, 0
527860, 0
527903, 0
528278, 0
528354, 0
528635, 0
528662, 0
528882, 0
528966, 0
528998, 0
529268, 0
529289, 0
529405, 0
529428, 0
529489, 0
530098, 0
531040, 0
531147, 0
531978, 0
532008, 0
532272, 0
532526, 0
532557, 0
532758, 0
533649, 0
534580, 0
534605, 0
534725, 0
534871, 0
535443, 0
535467, 0
536458, 0
536644, 0
536997, 0
537538, 0
538259, 0
538618, 0
539377, 0
539904, 0
540730, 0
541803, 0
542977, 0
543525, 0
543538, 0
545758, 0
546041, 0
546110, 0
546691, 0
546834, 0
546916, 0
547441, 0
547492, 0
547518, 0
547677, 0
547796, 0
547849, 0
547857, 0
548128, 0
548146, 0
548403, 0
548484, 0
548693, 0
548799, 0
549213, 0
549311, 0
550495, 0
551336, 0
551386, 0
552289, 0
552322, 0
552395, 0
552407, 0
552753, 0
554330, 0
554864, 0
554911, 0
556084, 0
556165, 0
556230, 0
557608, 0
557678, 0
557802, 0
557899, 0
558083, 0
558386, 0
558805, 0
559020, 0
559084, 0
560084, 0
560616, 0
560670, 0
560791, 0
561001, 0
561081, 0
561097, 0
561701, 0
561740, 0
562047, 0
562066, 0
562579, 0
562946, 0
563494, 0
563557, 0
563647, 0
563768, 0
563778, 0
563875, 0
564150, 0
564559, 0
564644, 0
564665, 0
564807, 0
565524, 0
566001, 0
566334, 0
566851, 0
566870, 0
567171, 0
567492, 0
567748, 0
567976, 0
568966, 0
569067, 0
569111, 0
569184, 0
569276, 0
569589, 0
569863, 0
570182, 0
570251, 0
570709, 0
570767, 0
571209, 0
571596, 0
571897, 0
572390, 0
572639, 0
572898, 0
572916, 0
573451, 0
574005, 0
574108, 0
574945, 0
575158, 0
575259, 0
575481, 0
575851, 0
575880, 0
575964, 0
576332, 0
576335, 0
576582, 0
576633, 0
576990, 0
577060, 0
577280, 0
577679, 0
577750, 0
577822, 0
578140, 0
578454, 0
578856, 0
579827, 0
579875, 0
579892, 0
579923, 0
579990, 0
580011, 0
580375, 0
580894, 0
581398, 0
582187, 0
582212, 0
582273, 0
582461, 0
583613, 0
583616, 0
583821, 0
583884, 0
585303, 0
585722, 0
586174, 0
586596, 0
586724, 0
586894, 0
586948, 0
587283, 0
587492, 0
588500, 0
588748, 0
589246, 0
589993, 0
590018, 0
590683, 0
591049, 0
591115, 0
591308, 0
591954, 0
593478, 0
593525, 0
593631, 0
594060, 0
594264, 0
594366, 0
594403, 0
594801, 0
595383, 0
595423, 0
595581, 0
595603, 0
595799, 0
595916, 0
598216, 0
598702, 0
599082, 0
599544, 0
600191, 0
600703, 0
601101, 0
601317, 0
602228, 0
602294, 0
602668, 0
602808, 0
603059, 0
603138, 0
603140, 0
603566, 0
603613, 0
604595, 0
605044, 0
605181, 0
605634, 0
606132, 0
606233, 0
606886, 0
606973, 0
607000, 0
607798, 0
607914, 0
608289, 0
608481, 0
608591, 0
608645, 0
608902, 0
609367, 0
609523, 0
609754, 0
610016, 0
610207, 0
610801, 0
611005, 0
611041, 0
611576, 0
612105, 0
612372, 0
612855, 0
612956, 0
613059, 0
613179, 0
613679, 0
613690, 0
614500, 0
614535, 0
614580, 0
614614, 0
614693, 0
614696, 0
615206, 0
615642, 0
615997, 0
617238, 0
617796, 0
618213, 0
618528, 0
618662, 0
618692, 0
619080, 0
619127, 0
619566, 0
619964, 0
620435, 0
620592, 0
620807, 0
621327, 0
621371, 0
621468, 0
621711, 0
622240, 0
622342, 0
622408, 0
623112, 0
623396, 0
623690, 0
623967, 0
624527, 0
624966, 0
625680, 0
626057, 0
626371, 0
627204, 0
627417, 0
627884, 0
627930, 0
627978, 0
628168, 0
629152, 0
629942, 0
630157, 0
631177, 0
631217, 0
631890, 0
632055, 0
632806, 0
632972, 0
633046, 0
633064, 0
634284, 0
635004, 0
635129, 0
635861, 0
635977, 0
636083, 0
636295, 0
636309, 0
636647, 0
636773, 0
637165, 0
637468, 0
637664, 0
637814, 0
637846, 0
637883, 0
638096, 0
638435, 0
638863, 0
638911, 0
638967, 0
638985, 0
639188, 0
639263, 0
639302, 0
639406, 0
640393, 0
640432, 0
640485, 0
640491, 0
641003, 0
641041, 0
641258, 0
641323, 0
641403, 0
641652, 0
641659, 0
641727, 0
641731, 0
641809, 0
641834, 0
642083, 0
642548, 0
642576, 0
643111, 0
643210, 0
643215, 0
643409, 0
643509, 0
643646, 0
643914, 0
644029, 0
644312, 0
644498, 0
644689, 0
644805, 0
644956, 0
645157, 0
645411, 0
645467, 0
645897, 0
645996, 0
646074, 0
646196, 0
646484, 0
646492, 0
646783, 0
647315, 0
647537, 0
648003, 0
648066, 0
648256, 0
648371, 0
648964, 0
649779, 0
650325, 0
650633, 0
650876, 0
651650, 0
651756, 0
652023, 0
652257, 0
652449, 0
652753, 0
652848, 0
653353, 0
654207, 0
654962, 0
654984, 0
655474, 0
655860, 0
656880, 0
657946, 0
659091, 0
659883, 0
660284, 0
660738, 0
660948, 0
661066, 0
661646, 0
662138, 0
662373, 0
663155, 0
663168, 0
663177, 0
663812, 0
665082, 0
666076, 0
666480, 0
666573, 0
667020, 0
667841, 0
668067, 0
669061, 0
669623, 0
670657, 0
670990, 0
671045, 0
671468, 0
671657, 0
671682, 0
672288, 0
672676, 0
672929, 0
673428, 0
673714, 0
673914, 0
674007, 0
675514, 0
677872, 0
679083, 0
679137, 0
680115, 0
680253, 0
680312, 0
680498, 0
680794, 0
681946, 0
682300, 0
682463, 0
682561, 0
683513, 0
683516, 0
683914, 0
684001, 0
684241, 0
684520, 0
684562, 0
684792, 0
684820, 0
686233, 0
687133, 0
687142, 0
687148, 0
687156, 0
687339, 0
690132, 0
690273, 0
690383, 0
691034, 0
691102, 0
691671, 0
692409, 0
692917, 0
693105, 0
693785, 0
694456, 0
696330, 0
696483, 0
696520, 0
697560, 0
697602, 0
697732, 0
697924, 0
698081, 0
698231, 0
698826, 0
700083, 0
700232, 0
700378, 0
700741, 0
701030, 0
701564, 0
704459, 0
705290, 0
705551, 0
705702, 0
706187, 0
707131, 0
707230, 0
707306, 0
707775, 0
708302, 0
708622, 0
708917, 0
710702, 0
711197, 0
711204, 0
711234, 0
711262, 0
711442, 0
711522, 0
711964, 0
712208, 0
712216, 0
712666, 0
712975, 0
713097, 0
713251, 0
713283, 0
713368, 0
713478, 0
713587, 0
713610, 0
713769, 0
714003, 0
714233, 0
714627, 0
714849, 0
715840, 0
716264, 0
716272, 0
716292, 0
716625, 0
717197, 0
717266, 0
717438, 0
717464, 0
717488, 0
717532, 0
720570, 0
720850, 0
721114, 0
722039, 0
724091, 0
724266, 0
724464, 0
724559, 0
724631, 0
724887, 0
724990, 0
725572, 0
725873, 0
725894, 0
725929, 0
725951, 0
726282, 0
727406, 0
728375, 0
728499, 0
728844, 0
730097, 0
730237, 0
730560, 0
730685, 0
731283, 0
731437, 0
731637, 0
731868, 0
732043, 0
732219, 0
732424, 0
732595, 0
733360, 0
733750, 0
733810, 0
733975, 0
734344, 0
734487, 0
734764, 0
735087, 0
735795, 0
736234, 0
736511, 0
737904, 0
738365, 0
738531, 0
738583, 0
738586, 0
738673, 0
738928, 0
739635, 0
740222, 0
740703, 0
741273, 0
741361, 0
742015, 0
742629, 0
742785, 0
742963, 0
742978, 0
743252, 0
744073, 0
745851, 0
746088, 0
746124, 0
746177, 0
746335, 0
746340, 0
746408, 0
746445, 0
747066, 0
747115, 0
747369, 0
747765, 0
747922, 0
747994, 0
748404, 0
748600, 0
748783, 0
748955, 0
748991, 0
749654, 0
749896, 0
750230, 0
750269, 0
750715, 0
750812, 0
751058, 0
751437, 0
751499, 0
751592, 0
751645, 0
751952, 0
752111, 0
752179, 0
752314, 0
752923, 0
753716, 0
753862, 0
754112, 0
754402, 0
754551, 0
754552, 0
755096, 0
755180, 0
755186, 0
755406, 0
755514, 0
755666, 0
756274, 0
756474, 0
756617, 0
756702, 0
756815, 0
757613, 0
757808, 0
758997, 0
759266, 0
759736, 0
759931, 0
760257, 0
760523, 0
760666, 0
760824, 0
761013, 0
761623, 0
761876, 0
762248, 0
762594, 0
762677, 0
763079, 0
763249, 0
763411, 0
763481, 0
763983, 0
764632, 0
764908, 0
766567, 0
766934, 0
767234, 0
767797, 0
768035, 0
768077, 0
768208, 0
768259, 0
769480, 0
769633, 0
769956, 0
770378, 0
771302, 0
772378, 0
772609, 0
772674, 0
773107, 0
773279, 0
773538, 0
774056, 0
774603, 0
775288, 0
775356, 0
775358, 0
776043, 0
776283, 0
776365, 0
776983, 0
777377, 0
777537, 0
777630, 0
777707, 0
777799, 0
777852, 0
778434, 0
779139, 0
779518, 0
780032, 0
780114, 0
780510, 0
780521, 0
780707, 0
781488, 0
782064, 0
782284, 0
782483, 0
782727, 0
782927, 0
783337, 0
783697, 0
783855, 0
784156, 0
784243, 0
784572, 0
784794, 0
785078, 0
785081, 0
785397, 0
785990, 0
786001, 0
786597, 0
787432, 0
787702, 0
788317, 0
788662, 0
788846, 0
789035, 0
789842, 0
790110, 0
790617, 0
790738, 0
790972, 0
791527, 0
791676, 0
792360, 0
793085, 0
794044, 0
794157, 0
794213, 0
794245, 0
794299, 0
794691, 0
795144, 0
795431, 0
795440, 0
795896, 0
796166, 0
796665, 0
796959, 0
797447, 0
797954, 0
798491, 0
798526, 0
798545, 0
798944, 0
799063, 0
799248, 0
799291, 0
799364, 0
799492, 0
799782, 0
799862, 0
800473, 0
801276, 0
801632, 0
801650, 0
801997, 0
802363, 0
802800, 0
803371, 0
803373, 0
803430, 0
803775, 0
803781, 0
804853, 0
805483, 0
806789, 0
806862, 0
806979, 0
807287, 0
807963, 0
808499, 0
809009, 0
809276, 0
809819, 0
809919, 0
810356, 0
810358, 0
810375, 0
810675, 0
810729, 0
810752, 0
810796, 0
811142, 0
811251, 0
811504, 0
812365, 0
812462, 0
812515, 0
812557, 0
812888, 0
813024, 0
813099, 0
813434, 0
813550, 0
813662, 0
813788, 0
813851, 0
813906, 0
813921, 0
813976, 0
814425, 0
814872, 0
814906, 0
815047, 0
815174, 0
815545, 0
816302, 0
816331, 0
816653, 0
816737, 0
816773, 0
816984, 0
817552, 0
818264, 0
818342, 0
818460, 0
818694, 0
818799, 0
818830, 0
818869, 0
819468, 0
819571, 0
820017, 0
820208, 0
821096, 0
821600, 0
821963, 0
822631, 0
823152, 0
823244, 0
823306, 0
823392, 0
823555, 0
823724, 0
824062, 0
824478, 0
824627, 0
824961, 0
826348, 0
826458, 0
826516, 0
826521, 0
826740, 0
827374, 0
827573, 0
827961, 0
828907, 0
829194, 0
829223, 0
829248, 0
829336, 0
829341, 0
829452, 0
829784, 0
829860, 0
830277, 0
830488, 0
831125, 0
831156, 0
831672, 0
831712, 0
833468, 0
833746, 0
833792, 0
834535, 0
835054, 0
835547, 0
835766, 0
836116, 0
836457, 0
837180, 0
837458, 0
838230, 0
838364, 0
838787, 0
840099, 0
840202, 0
841709, 0
842408, 0
842431, 0
842899, 0
843350, 0
843555, 0
844627, 0
845444, 0
845474, 0
845964, 0
846183, 0
846234, 0
847136, 0
847178, 0
848469, 0
848538, 0
848655, 0
850456, 0
851354, 0
853863, 0
854020, 0
854373, 0
855292, 0
855930, 0
856743, 0
857299, 0
857682, 0
857750, 0
858921, 0
858938, 0
859511, 0
859810, 0
861180, 0
862950, 0
863425, 0
864213, 0
865174, 0
865831, 0
866181, 0
866768, 0
866973, 0
867334, 0
868365, 0
869228, 0
869746, 0
870374, 0
870377, 0
870409, 0
871272, 0
871734, 0
871805, 0
871971, 0
872047, 0
872164, 0
872227, 0
872303, 0
873157, 0
873323, 0
873330, 0
873351, 0
873468, 0
873591, 0
873594, 0
874244, 0
874916, 0
875028, 0
875278, 0
876148, 0
876854, 0
876857, 0
876888, 0
876980, 0
877530, 0
877589, 0
877613, 0
877659, 0
878162, 0
878475, 0
878713, 0
878774, 0
878817, 0
878951, 0
879141, 0
879251, 0
879264, 0
880175, 0
880654, 0
881490, 0
882336, 0
883038, 0
883504, 0
883522, 0
883975, 0
884050, 0
884154, 0
884222, 0
884237, 0
884279, 0
884299, 0
884322, 0
884793, 0
884889, 0
885056, 0
885087, 0
885164, 0
885211, 0
885324, 0
885804, 0
886793, 0
887027, 0
887041, 0
887227, 0
887471, 0
887481, 0
887485, 0
888858, 0
888902, 0
889345, 0
889497, 0
889725, 0
889952, 0
890105, 0
890700, 0
891203, 0
892050, 0
892052, 0
892482, 0
892581, 0
893180, 0
893320, 0
894010, 0
895665, 0
896349, 0
896403, 0
896921, 0
897025, 0
897052, 0
897704, 0
897744, 0
898053, 0
898144, 0
898243, 0
898515, 0
898656, 0
898764, 0
899574, 0
900362, 0
900376, 0
900413, 0
900428, 0
900568, 0
901266, 0
902187, 0
902516, 0
902517, 0
902613, 0
902696, 0
902893, 0
902948, 0
902964, 0
903380, 0
904082, 0
904162, 0
904424, 0
904790, 0
905392, 0
909468, 0
909799, 0
909913, 0
910072, 0
910217, 0
911330, 0
911965, 0
913108, 0
913252, 0
913872, 0
914159, 0
915271, 0
916299, 0
917080, 0
917194, 0
917495, 0
917671, 0
917767, 0
918027, 0
918720, 0
919404, 0
919482, 0
919511, 0
920442, 0
920462, 0
921992, 0
923003, 0
923227, 0
923490, 0
923497, 0
923727, 0
923954, 0
925314, 0
926043, 0
926885, 0
927197, 0
927204, 0
928500, 0
928636, 0
928759, 0
928879, 0
929440, 0
929516, 0
929522, 0
929620, 0
930242, 0
930311, 0
932117, 0
932684, 0
933883, 0
934525, 0
934998, 0
935675, 0
936017, 0
936949, 0
939808, 0
941570, 0
941979, 0
942478, 0
942795, 0
943820, 0
943926, 0
944123, 0
944188, 0
944349, 0
944432, 0
944828, 0
944935, 0
944988, 0
945367, 0
945661, 0
946063, 0
947136, 0
947862, 0
947960, 0
948182, 0
948310, 0
948864, 0
949182, 0
949215, 0
949981, 0
950231, 0
950394, 0
950480, 0
950551, 0
950740, 0
950868, 0
951019, 0
951121, 0
951400, 0
951766, 0
952005, 0
952039, 0
952503, 0
952578, 0
952741, 0
953340, 0
953819, 0
954592, 0
954956, 0
954961, 0
955001, 0
955143, 0
955415, 0
956776, 0
956836, 0
957393, 0
957437, 0
957948, 0
958069, 0
958530, 0
959060, 0
959459, 0
960196, 0
960211, 0
960543, 0
961398, 0
962646, 0
963774, 0
964113, 0
964691, 0
964754, 0
964949, 0
966920, 0
967386, 0
967748, 0
968040, 0
968091, 0
968161, 0
968165, 0
968532, 0
968683, 0
969309, 0
969880, 0
970346, 0
970554, 0
970806, 0
970836, 0
970864, 0
971623, 0
971820, 0
972089, 0
972179, 0
972250, 0
972312, 0
973506, 0
974194, 0
974302, 0
974602, 0
974814, 0
974857, 0
974920, 0
975039, 0
975374, 0
975892, 0
975951, 0
976899, 0
977607, 0
978415, 0
979055, 0
979422, 0
979937, 0
980168, 0
980206, 0
980974, 0
981172, 0
982267, 0
983678, 0
984006, 0
985006, 0
985253, 0
985578, 0
985979, 0
986347, 0
986387, 0
987648, 0
988483, 0
989657, 0
989685, 0
990069, 0
990137, 0
991100, 0
991204, 0
991272, 0
993101, 0
993474, 0
993535, 0
994065, 0
994352, 0
994595, 0
995016, 0
995224, 0
995484, 0
996197, 0
996713, 0
996756, 0
997108, 0
997205, 0
997327, 0
997919, 0
998218, 0
998317, 0
999874, 0
999995, 0
1000154, 0
1000238, 0
1000311, 0
1000547, 0
1001471, 0
1002038, 0
1002391, 0
1003892, 0
1004156, 0
1004981, 0
1005143, 0
1005212, 0
1005233, 0
1006425, 0
1006740, 0
1007676, 0
1008499, 0
1008652, 0
1008676, 0
1008986, 0
1009767, 0
1009876, 0
1009903, 0
1009947, 0
1009983, 0
1010251, 0
1010572, 0
1011792, 0
1012009, 0
1012491, 0
1012529, 0
1012758, 0
1013016, 0
1013047, 0
1013252, 0
1013629, 0
1013718, 0
1014367, 0
1015124, 0
1016149, 0
1016370, 0
1016530, 0
1016654, 0
1017317, 0
1017347, 0
1017655, 0
1017779, 0
1018567, 0
1019005, 0
1019107, 0
1019235, 0
1019272, 0
1019291, 0
1019303, 0
1019683, 0
1019885, 0
1020862, 0
1020973, 0
1021009, 0
1021922, 0
1021938, 0
1022277, 0
1022312, 0
1022323, 0
1022448, 0
1022546, 0
1022632, 0
1023071, 0
1023116, 0
1023589, 0
1023658, 0
1023941, 0
1024167, 0
1024399, 0
1024420, 0
1024528, 0
1025134, 0
1026036, 0
1026689, 0
1026912, 0
1026928, 0
1027268, 0
1027583, 0
1027807, 0
1027814, 0
1028182, 0
1028213, 0
1028271, 0
1030417, 0
1031289, 0
1032916, 0
1033211, 0
1033233, 0
1034735, 0
1034865, 0
1035409, 0
1036388, 0
1036406, 0
1038880, 0
1038921, 0
1039008, 0
1039099, 0
1039421, 0
1039797, 0
1039966, 0
1040664, 0
1040791, 0
1040995, 0
1041393, 0
1041451, 0
1042329, 0
1042349, 0
1043190, 0
1043441, 0
1043722, 0
1043863, 0
1044033, 0
1045578, 0
1046249, 0
1046746, 0
1047174, 0
1047539, 0
1047580, 0
1048000, 0
1048070, 0
1049272, 0
1049522, 0
1050112, 0
1050471, 0
1053163, 0
1053780, 0
1054034, 0
1054560, 0
1054756, 0
1055461, 0
1055530, 0
1056119, 0
1056639, 0
1056842, 0
1056889, 0
1057301, 0
1057381, 0
1057815, 0
1057950, 0
1057964, 0
1058008, 0
1058104, 0
1060326, 0
1060596, 0
1061007, 0
1062660, 0
1062922, 0
1063106, 0
1063453, 0
1063796, 0
1063982, 0
1064099, 0
1064434, 0
1064490, 0
1064587, 0
1065260, 0
1065418, 0
1065534, 0
1065742, 0
1065820, 0
1065999, 0
1066576, 0
1066634, 0
1066771, 0
1066896, 0
1067527, 0
1067799, 0
1067881, 0
1067968, 0
1068049, 0
1069257, 0
1070146, 0
1070234, 0
1070255, 0
1070543, 0
1070659, 0
1071233, 0
1071375, 0
1072170, 0
1072439, 0
1072527, 0
1072577, 0
1072638, 0
1072984, 0
1073691, 0
1074048, 0
1074233, 0
1074818, 0
1074901, 0
1075141, 0
1075740, 0
1076009, 0
1076193, 0
1076587, 0
1076773, 0
1077200, 0
1077214, 0
1077280, 0
1077332, 0
1077390, 0
1077433, 0
1077656, 0
1078252, 0
1078808, 0
1078923, 0
1078973, 0
1079167, 0
1079400, 0
1079510, 0
1079623, 0
1079638, 0
1079688, 0
1080061, 0
1080308, 0
1080319, 0
1081055, 0
1081271, 0
1082003, 0
1082108, 0
1083030, 0
1083041, 0
1083042, 0
1084293, 0
1084320, 0
1084414, 0
1084877, 0
1085497, 0
1085584, 0
1086726, 0
1086998, 0
1087072, 0
1088275, 0
1089062, 0
1089684, 0
1091926, 0
1092408, 0
1092741, 0
1092896, 0
1093310, 0
1093486, 0
1093916, 0
1094011, 0
1094248, 0
1094641, 0
1094743, 0
1094854, 0
1096249, 0
1096646, 0
1096985, 0
1099076, 0
1100131, 0
1101456, 0
1102089, 0
1102528, 0
1103258, 0
1103444, 0
1103662, 0
1103666, 0
1103837, 0
1104301, 0
1104909, 0
1105586, 0
1106186, 0
1107298, 0
1108594, 0
1108921, 0
1109212, 0
1109213, 0
1110450, 0
1111184, 0
1111299, 0
1111617, 0
1112058, 0
1112486, 0
1112842, 0
1113011, 0
1113039, 0
1113078, 0
1113716, 0
1115149, 0
1115225, 0
1116017, 0
1116021, 0
1116142, 0
1116644, 0
1116892, 0
1117345, 0
1117467, 0
1117927, 0
1118162, 0
1118306, 0
1118642, 0
1118785, 0
1118788, 0
1119411, 0
1119929, 0
1120305, 0
1120559, 0
1120584, 0
1120618, 0
1121348, 0
1121633, 0
1121714, 0
1122199, 0
1122736, 0
1123051, 0
1123498, 0
1123813, 0
1123848, 0
1123985, 0
1124730, 0
1124893, 0
1125623, 0
1126023, 0
1126473, 0
1126795, 0
1127494, 0
1127679, 0
1128418, 0
1129236, 0
1129740, 0
1130081, 0
1130389, 0
1131706, 0
1131798, 0
1131964, 0
1133029, 0
1133060, 0
1134076, 0
1134130, 0
1134311, 0
1134450, 0
1134811, 0
1136441, 0
1137601, 0
1137757, 0
1137867, 0
1138121, 0
1138194, 0
1138429, 0
1138589, 0
1138767, 0
1138926, 0
1138927, 0
1139180, 0
1139499, 0
1139647, 0
1139653, 0
1139674, 0
1139680, 0
1139818, 0
1140645, 0
1141734, 0
1143030, 0
1143058, 0
1143486, 0
1143832, 0
1143872, 0
1143974, 0
1144255, 0
1144564, 0
1144643, 0
1144693, 0
1144733, 0
1145153, 0
1145168, 0
1145762, 0
1145797, 0
1146528, 0
1146623, 0
1146797, 0
1148208, 0
1148419, 0
1148710, 0
1148759, 0
1148785, 0
1148968, 0
1149364, 0
1149564, 0
1150327, 0
1150464, 0
1150467, 0
1150856, 0
1151387, 0
1151841, 0
1152830, 0
1153091, 0
1153629, 0
1153869, 0
1153955, 0
1155946, 0
1155981, 0
1156120, 0
1156408, 0
1156525, 0
1157514, 0
1158189, 0
1158641, 0
1160416, 0
1160421, 0
1160971, 0
1161664, 0
1161775, 0
1161992, 0
1162151, 0
1162186, 0
1164635, 0
1164727, 0
1164787, 0
1165465, 0
1165673, 0
1165778, 0
1165780, 0
1167086, 0
1167467, 0
1167528, 0
1167542, 0
1167915, 0
1168257, 0
1168517, 0
1168788, 0
1169452, 0
1169609, 0
1169688, 0
1170202, 0
1170672, 0
1170735, 0
1170815, 0
1170939, 0
1171308, 0
1171632, 0
1172052, 0
1172787, 0
1172987, 0
1173596, 0
1173780, 0
1174417, 0
1174524, 0
1174674, 0
1174723, 0
1174982, 0
1175246, 0
1175436, 0
1175931, 0
1176001, 0
1176022, 0
1176187, 0
1176243, 0
1177528, 0
1177695, 0
1177866, 0
1178309, 0
1178572, 0
1179172, 0
1179183, 0
1179188, 0
1179601, 0
1179771, 0
1179928, 0
1180052, 0
1180116, 0
1180406, 0
1180485, 0
1180646, 0
1180654, 0
1180684, 0
1180701, 0
1180709, 0
1180722, 0
1180768, 0
1180788, 0
1181466, 0
1181490, 0
1181939, 0
1182400, 0
1182680, 0
1182706, 0
1183988, 0
1184046, 0
1184196, 0
1184516, 0
1184564, 0
1185311, 0
1185957, 0
1186114, 0
1186313, 0
1186664, 0
1186685, 0
1186965, 0
1187138, 0
1187859, 0
1188381, 0
1188812, 0
1189365, 0
1189911, 0
1190329, 0
1191283, 0
1191327, 0
1191350, 0
1191439, 0
1192070, 0
1193110, 0
1193587, 0
1194226, 0
1194634, 0
1195218, 0
1195796, 0
1196143, 0
1196537, 0
1197493, 0
1198184, 0
1199156, 0
1200187, 0
1200526, 0
1200548, 0
1200750, 0
1201091, 0
1202493, 0
1202676, 0
1203339, 0
1203779, 0
1204464, 0
1204503, 0
1205540, 0
1205625, 0
1205768, 0
1205815, 0
1206031, 0
1206319, 0
1206326, 0
1206643, 0
1206686, 0
1206723, 0
1206882, 0
1206938, 0
1207104, 0
1207153, 0
1207501, 0
1207546, 0
1207920, 0
1208091, 0
1208845, 0
1210767, 0
1210792, 0
1211036, 0
1211201, 0
1211367, 0
1211979, 0
1212020, 0
1212205, 0
1213269, 0
1213314, 0
1213513, 0
1213573, 0
1213576, 0
1214067, 0
1214217, 0
1214825, 0
1215132, 0
1215748, 0
1215958, 0
1216662, 0
1217920, 0
1219250, 0
1219352, 0
1221175, 0
1222114, 0
1222124, 0
1222130, 0
1223076, 0
1223226, 0
1223743, 0
1223883, 0
1223975, 0
1224199, 0
1224851, 0
1224871, 0
1225123, 0
1225160, 0
1225400, 0
1226401, 0
1226904, 0
1227565, 0
1228057, 0
1228329, 0
1228873, 0
1229775, 0
1229978, 0
1230155, 0
1231616, 0
1231725, 0
1231846, 0
1231907, 0
1232147, 0
1232618, 0
1233230, 0
1233598, 0
1233929, 0
1234339, 0
1234446, 0
1234941, 0
1235566, 0
1235958, 0
1236040, 0
1236202, 0
1236555, 0
1237449, 0
1237451, 0
1237454, 0
1237884, 0
1238115, 0
1238489, 0
1238740, 0
1238818, 0
1239047, 0
1239181, 0
1239280, 0
1239564, 0
1239716, 0
1239783, 0
1239820, 0
1239934, 0
1240343, 0
1240393, 0
1240627, 0
1240756, 0
1240919, 0
1241512, 0
1241831, 0
1242018, 0
1242035, 0
1242471, 0
1242649, 0
1242661, 0
1242853, 0
1243269, 0
1243295, 0
1243379, 0
1243591, 0
1243754, 0
1244023, 0
1245400, 0
1245839, 0
1246188, 0
1246571, 0
1247137, 0
1247917, 0
1248690, 0
1249561, 0
1250116, 0
1251188, 0
1252338, 0
1253128, 0
1253319, 0
1254746, 0
1255676, 0
1256116, 0
1256560, 0
1256571, 0
1256871, 0
1257417, 0
1259639, 0
1259728, 0
1259901, 0
1260198, 0
1260672, 0
1260829, 0
1261265, 0
1261380, 0
1261439, 0
1261555, 0
1261727, 0
1261872, 0
1262126, 0
1262899, 0
1263274, 0
1263353, 0
1263514, 0
1263761, 0
1264123, 0
1265444, 0
1265830, 0
1265980, 0
1266916, 0
1266918, 0
1267013, 0
1267342, 0
1267608, 0
1268184, 0
1268299, 0
1268614, 0
1269933, 0
1270454, 0
1270474, 0
1270756, 0
1270817, 0
1271489, 0
1271928, 0
1271951, 0
1272037, 0
1272583, 0
1272796, 0
1273421, 0
1273525, 0
1273586, 0
1273828, 0
1274065, 0
1274217, 0
1274258, 0
1274315, 0
1274495, 0
1274577, 0
1274639, 0
1274716, 0
1274724, 0
1275266, 0
1275312, 0
1275461, 0
1275509, 0
1275538, 0
1275762, 0
1275831, 0
1275850, 0
1276140, 0
1276712, 0
1277361, 0
1277421, 0
1277521, 0
1277566, 0
1277598, 0
1278105, 0
1278129, 0
1278999, 0
1279711, 0
1280185, 0
1280226, 0
1280523, 0
1280626, 0
1280846, 0
1280923, 0
1281185, 0
1281196, 0
1281379, 0
1281390, 0
1281490, 0
1282568, 0
1283304, 0
1283371, 0
1283429, 0
1284128, 0
1284448, 0
1284578, 0
1286434, 0
1286999, 0
1287668, 0
1287755, 0
1288150, 0
1288340, 0
1288377, 0
1289614, 0
1290330, 0
1291228, 0
1291833, 0
1292208, 0
1292635, 0
1292914, 0
1293179, 0
1293226, 0
1294729, 0
1295071, 0
1295391, 0
1295657, 0
1295950, 0
1297163, 0
1297464, 0
1297484, 0
1297848, 0
1297951, 0
1298034, 0
1298079, 0
1298960, 0
1299014, 0
1299430, 0
1299534, 0
1299632, 0
1299698, 0
1299985, 0
1300158, 0
1300189, 0
1300476, 0
1300586, 0
1300789, 0
1301165, 0
1301557, 0
1301625, 0
1302268, 0
1302566, 0
1302776, 0
1302991, 0
1303089, 0
1303364, 0
1303504, 0
1304134, 0
1304458, 0
1304625, 0
1305348, 0
1305428, 0
1305506, 0
1305582, 0
1305886, 0
1305951, 0
1306134, 0
1306376, 0
1306537, 0
1307423, 0
1307889, 0
1308685, 0
1308811, 0
1308822, 0
1309034, 0
1309268, 0
1309654, 0
1309879, 0
1310261, 0
1310488, 0
1311042, 0
1311601, 0
1312218, 0
1312559, 0
1313009, 0
1313265, 0
1313396, 0
1313568, 0
1314072, 0
1314326, 0
1316080, 0
1316163, 0
1316928, 0
1317247, 0
1318324, 0
1318983, 0
1319186, 0
1319341, 0
1320054, 0
1320261, 0
1320588, 0
1321078, 0
1321310, 0
1321381, 0
1321587, 0
1321958, 0
186889, 0
906902, 0
909287, 0
961658, 0
14925, 0
145313, 0
565737, 0
601243, 0
824347, 0
1042277, 0
594973, 0
830668, 0
1049935, 0
1082066, 0
1106769, 0
1123697, 0
289961, 0
506667, 0
366460, 0
1274296, 0
204845, 0
238876, 0
433220, 0
650137, 0
112972, 0
430014, 0
1152073, 0
748682, 0
356849, 0
641879, 0
718278, 0
319292, 0
287481, 0
