1294703, 0.0444984
635929, 0.00825566
179304, 0.00174027
61802, 0.00114185
1136531, 0.00079503
156925, 0.000732692
576495, 0.000653401
423731, 0.000641743
1200709, 0.000593072
792398, 0.000541451
646565, 0.000474357
1101013, 0.000445351
1284804, 0.00040475
1017206, 0.000388473
579661, 0.00034393
670875, 0.000277302
482419, 0.000256243
1210458, 0.0002531
605127, 0.000238243
1271787, 0.000176754
514668, 0.000153448
42887, 0.000142542
356719, 0.000142251
581375, 0.000140961
919331, 0.000136756
446484, 0.000119742
394054, 0.000118563
446645, 0.000115015
480920, 0.000111524
467798, 9.11707e-05
889330, 8.11779e-05
433815, 7.92859e-05
171647, 7.36166e-05
635863, 7.35122e-05
1063089, 7.01229e-05
635888, 6.72708e-05
874578, 5.81056e-05
138153, 5.7427e-05
796280, 5.63082e-05
189759, 5.60894e-05
684805, 5.28794e-05
118407, 4.96437e-05
702369, 4.94019e-05
260410, 4.91264e-05
456995, 4.80508e-05
1019169, 4.6293e-05
294412, 4.51969e-05
129293, 4.46905e-05
1125121, 4.30107e-05
133503, 4.2683e-05
635876, 4.21551e-05
523530, 4.06033e-05
227697, 3.94716e-05
443784, 3.86115e-05
281128, 3.59943e-05
289395, 3.39463e-05
1294730, 3.38863e-05
132597, 3.328e-05
1153505, 3.1072e-05
519534, 3.06323e-05
1267852, 2.80515e-05
1237725, 2.60572e-05
1268333, 2.56252e-05
22585, 2.48061e-05
1223117, 2.19613e-05
1017205, 2.08081e-05
963893, 2.01202e-05
150746, 1.72011e-05
498319, 1.62057e-05
403259, 1.59899e-05
187945, 1.47428e-05
796358, 1.43664e-05
1198318, 1.34071e-05
46448, 1.3291e-05
198840, 1.32604e-05
215955, 1.24827e-05
1216428, 1.24759e-05
635930, 1.24064e-05
53786, 1.20388e-05
446566, 1.19856e-05
123006, 1.14276e-05
94625, 1.14057e-05
159044, 1.11457e-05
1321992, 1.08331e-05
122150, 1.05012e-05
59643, 1.00205e-05
376189, 9.25379e-06
4805, 9.05255e-06
1281734, 8.32757e-06
631647, 7.54618e-06
129561, 7.14216e-06
1216224, 6.97092e-06
954837, 6.49406e-06
814818, 6.12527e-06
418224, 5.73854e-06
96798, 5.71417e-06
83403, 5.63489e-06
517449, 5.58464e-06
1281417, 5.29806e-06
704291, 5.25631e-06
1078741, 5.11522e-06
595942, 5.10746e-06
635893, 4.9266e-06
783895, 4.79802e-06
1273405, 4.70001e-06
400943, 4.60225e-06
431969, 4.57358e-06
136018, 4.43875e-06
1223877, 4.34677e-06
249810, 4.32113e-06
1259619, 4.31193e-06
2460, 4.25418e-06
319863, 4.24044e-06
156262, 4.22692e-06
59389, 4.20821e-06
869909, 4.1977e-06
587659, 4.15009e-06
574179, 4.13295e-06
1014920, 4.10486e-06
487138, 4.00939e-06
522154, 3.92987e-06
906199, 3.85656e-06
203643, 3.84757e-06
481085, 3.77752e-06
909434, 3.75911e-06
723697, 3.62475e-06
510549, 3.46257e-06
740066, 3.42922e-06
1181311, 3.40485e-06
1272182, 3.37061e-06
1106693, 3.24645e-06
1205385, 3.14968e-06
1110897, 3.10705e-06
874443, 2.9829e-06
1294731, 2.91963e-06
555105, 2.89925e-06
392608, 2.84982e-06
1182010, 2.72307e-06
443585, 2.707e-06
724143, 2.58324e-06
20229, 2.4143e-06
197236, 2.3572e-06
290923, 2.26016e-06
552316, 2.22908e-06
809475, 2.21773e-06
544818, 2.16696e-06
483456, 2.1004e-06
936770, 2.07137e-06
225317, 2.06259e-06
577883, 2.04637e-06
304310, 2.00308e-06
234245, 1.9607e-06
1303456, 1.93767e-06
83122, 1.84899e-06
1190615, 1.79508e-06
605579, 1.79168e-06
179335, 1.74659e-06
409394, 1.73821e-06
384398, 1.7258e-06
1300108, 1.65006e-06
249667, 1.6304e-06
222048, 1.62886e-06
930133, 1.59467e-06
645916, 1.58751e-06
831790, 1.48095e-06
573094, 1.46373e-06
951943, 1.4481e-06
215923, 1.42974e-06
147954, 1.39054e-06
508276, 1.38458e-06
1291846, 1.3629e-06
733185, 1.35141e-06
75752, 1.33224e-06
641289, 1.28905e-06
140364, 1.26779e-06
791888, 1.23986e-06
783568, 1.22205e-06
818700, 1.22192e-06
156980, 1.22134e-06
356372, 1.22083e-06
878815, 1.20766e-06
609880, 1.18228e-06
635870, 1.15249e-06
874944, 1.14883e-06
484806, 1.14115e-06
846455, 1.13574e-06
552307, 1.08783e-06
211699, 1.07608e-06
273207, 1.06832e-06
343794, 1.06797e-06
600983, 1.06466e-06
827551, 1.03626e-06
563177, 1.03081e-06
250660, 9.67873e-07
1259036, 9.67124e-07
277173, 9.57524e-07
520020, 9.51069e-07
134237, 9.23796e-07
1053914, 9.11188e-07
14769, 8.90344e-07
1064400, 8.72973e-07
481013, 8.71044e-07
127720, 8.67187e-07
285705, 8.65955e-07
390661, 8.00199e-07
388641, 7.98697e-07
86117, 7.95772e-07
1057654, 7.83654e-07
1038090, 7.59319e-07
41566, 7.57716e-07
129958, 7.49702e-07
651780, 7.44747e-07
5055, 7.38553e-07
253437, 7.22812e-07
648384, 7.2033e-07
605395, 7.13559e-07
919051, 7.1111e-07
4692, 6.81478e-07
105348, 6.76307e-07
609799, 6.70741e-07
539208, 6.68919e-07
1058063, 6.5937e-07
430989, 6.34136e-07
414677, 6.30734e-07
116639, 6.18423e-07
50487, 5.99962e-07
885168, 5.88088e-07
1175574, 5.79643e-07
862074, 5.64997e-07
67007, 5.615e-07
157809, 5.45076e-07
702728, 5.36039e-07
156182, 5.15994e-07
911175, 5.07927e-07
308605, 4.96418e-07
177530, 4.92889e-07
359343, 4.92618e-07
473488, 4.92475e-07
225074, 4.92078e-07
177526, 4.91196e-07
105092, 4.78184e-07
478226, 4.73511e-07
104507, 4.72356e-07
549847, 4.7127e-07
80716, 4.65542e-07
1168584, 4.56818e-07
82583, 4.48602e-07
444049, 4.47317e-07
294530, 4.40306e-07
456750, 4.39063e-07
228565, 4.32165e-07
88252, 4.23953e-07
1244362, 4.21882e-07
1169272, 4.17149e-07
590079, 4.14347e-07
294376, 4.0957e-07
1228565, 4.03726e-07
1276056, 3.85411e-07
131812, 3.6892e-07
237874, 3.66593e-07
908437, 3.46083e-07
1135022, 3.45801e-07
814627, 3.40106e-07
240944, 3.37624e-07
758786, 3.32605e-07
580082, 3.31423e-07
146012, 3.24869e-07
182235, 3.12756e-07
1024142, 3.11408e-07
210175, 3.08604e-07
534892, 3.06677e-07
1138606, 3.03503e-07
45914, 2.97247e-07
477052, 2.96676e-07
166288, 2.96659e-07
1017314, 2.88733e-07
1094224, 2.82698e-07
19807, 2.7802e-07
163731, 2.75521e-07
545126, 2.71861e-07
115575, 2.71856e-07
418824, 2.58924e-07
154209, 2.56098e-07
514043, 2.49404e-07
1028307, 2.42874e-07
376175, 2.41289e-07
816645, 2.40916e-07
623244, 2.32529e-07
312017, 2.30327e-07
176294, 2.23885e-07
688307, 2.22358e-07
129521, 2.19617e-07
416475, 2.19509e-07
1097373, 2.19249e-07
571120, 2.18945e-07
746457, 2.1444e-07
370693, 2.12461e-07
1053283, 2.10725e-07
250216, 2.0694e-07
186441, 2.04949e-07
362250, 2.0469e-07
298800, 2.04242e-07
13957, 2.03648e-07
545199, 1.98936e-07
572584, 1.97033e-07
462602, 1.96365e-07
478267, 1.95069e-07
684212, 1.93707e-07
1256742, 1.91528e-07
295645, 1.91421e-07
365786, 1.86159e-07
1233197, 1.82587e-07
818208, 1.7999e-07
912633, 1.72132e-07
140051, 1.7094e-07
1064137, 1.68999e-07
212481, 1.68002e-07
860829, 1.67796e-07
1231703, 1.66613e-07
1109000, 1.65792e-07
1184779, 1.63133e-07
310513, 1.54133e-07
212024, 1.53144e-07
365823, 1.51348e-07
38799, 1.47448e-07
799711, 1.46101e-07
140492, 1.44802e-07
741942, 1.4338e-07
785526, 1.42776e-07
608170, 1.36189e-07
728271, 1.35977e-07
276533, 1.35072e-07
798457, 1.26547e-07
1092085, 1.25352e-07
855276, 1.23348e-07
506282, 1.22594e-07
24186, 1.21033e-07
430196, 1.20119e-07
218176, 1.17843e-07
410287, 1.16716e-07
403537, 1.16071e-07
488207, 1.14303e-07
432262, 1.13971e-07
801627, 1.13892e-07
661298, 1.12652e-07
1301458, 1.12123e-07
1099890, 1.11851e-07
1264157, 1.08881e-07
1224438, 1.0795e-07
715921, 1.07448e-07
389086, 1.07447e-07
23966, 1.07384e-07
459657, 1.0556e-07
162607, 1.0438e-07
479997, 1.03678e-07
769907, 1.03427e-07
241258, 1.00352e-07
566812, 1.0008e-07
1290019, 9.98354e-08
38456, 9.93912e-08
855246, 9.43771e-08
712878, 9.33255e-08
648847, 9.30881e-08
278232, 9.06706e-08
623383, 8.85549e-08
898750, 8.84369e-08
1027471, 8.76543e-08
300273, 8.7024e-08
227370, 8.64082e-08
648248, 8.64071e-08
643118, 8.64035e-08
70413, 8.58089e-08
123114, 8.56823e-08
839230, 8.55057e-08
208282, 8.37715e-08
1295573, 8.33894e-08
471283, 8.21727e-08
676563, 8.19524e-08
1076453, 8.00697e-08
792879, 8.00035e-08
1044029, 7.98574e-08
275358, 7.92526e-08
172085, 7.88312e-08
1148087, 7.80206e-08
1202037, 7.63369e-08
528013, 7.593e-08
337963, 7.52608e-08
104039, 7.42466e-08
663256, 7.19709e-08
1137119, 6.86042e-08
193331, 6.85392e-08
102620, 6.75456e-08
1138308, 6.71084e-08
129530, 6.55072e-08
1285390, 6.34076e-08
338088, 6.09822e-08
823735, 6.07473e-08
83139, 6.06155e-08
1197383, 6.03652e-08
496448, 6.01013e-08
45635, 5.98082e-08
166718, 5.86185e-08
508011, 5.84941e-08
385071, 5.77066e-08
769407, 5.73148e-08
89818, 5.72888e-08
271822, 5.72148e-08
796163, 5.65476e-08
639469, 5.63948e-08
366719, 5.33814e-08
973967, 5.15387e-08
710467, 5.10323e-08
5704, 5.03019e-08
522316, 4.76046e-08
888736, 4.72628e-08
148532, 4.69727e-08
238146, 4.69018e-08
1162737, 4.66677e-08
289186, 4.57697e-08
404264, 4.56467e-08
507235, 4.54955e-08
792747, 4.52704e-08
561003, 4.50523e-08
200000, 4.48953e-08
253405, 4.31794e-08
261179, 4.27014e-08
1283417, 4.26771e-08
386769, 4.20835e-08
726046, 4.20753e-08
767217, 4.19841e-08
586747, 4.09443e-08
668242, 3.88569e-08
197, 3.87455e-08
1277718, 3.87369e-08
72612, 3.81678e-08
958032, 3.79524e-08
362783, 3.79254e-08
1070748, 3.77409e-08
642746, 3.74084e-08
636606, 3.70833e-08
346882, 3.67633e-08
632122, 3.67192e-08
1140308, 3.65607e-08
1179784, 3.63239e-08
89592, 3.61466e-08
97191, 3.48351e-08
206175, 3.41742e-08
639809, 3.36191e-08
574196, 3.35649e-08
579893, 3.25603e-08
20556, 3.25251e-08
843970, 3.09253e-08
1180809, 3.07832e-08
1270303, 3.06938e-08
1144244, 3.04026e-08
1189569, 2.98441e-08
1249503, 2.98241e-08
135867, 2.96585e-08
241551, 2.93368e-08
1065426, 2.91052e-08
160629, 2.83871e-08
31010, 2.821e-08
497601, 2.78396e-08
827886, 2.77738e-08
890587, 2.7761e-08
925913, 2.77094e-08
528592, 2.72121e-08
932060, 2.69742e-08
955940, 2.68129e-08
1305902, 2.61224e-08
1228875, 2.59274e-08
225078, 2.49889e-08
639585, 2.43298e-08
778924, 2.39946e-08
339155, 2.38725e-08
637321, 2.31131e-08
212025, 2.30381e-08
1198340, 2.29477e-08
793771, 2.2573e-08
430961, 2.21069e-08
555083, 2.1999e-08
437652, 2.17327e-08
1111321, 2.17079e-08
403734, 2.14114e-08
515805, 2.13997e-08
231289, 2.12499e-08
1158969, 2.10137e-08
572796, 2.09666e-08
16798, 2.07838e-08
1080331, 2.06948e-08
799495, 2.06845e-08
237354, 2.05093e-08
983993, 1.99963e-08
916301, 1.99761e-08
744578, 1.99045e-08
552323, 1.97965e-08
398508, 1.97923e-08
733622, 1.96585e-08
665784, 1.91192e-08
966714, 1.89704e-08
262991, 1.88404e-08
920019, 1.84369e-08
1096147, 1.8267e-08
1298861, 1.8002e-08
171740, 1.79647e-08
760741, 1.79256e-08
62802, 1.78386e-08
883660, 1.72795e-08
635882, 1.7045e-08
756141, 1.65828e-08
127709, 1.63109e-08
1258500, 1.62774e-08
303219, 1.62169e-08
296401, 1.61495e-08
436540, 1.60812e-08
461232, 1.59461e-08
290977, 1.59152e-08
872914, 1.57298e-08
346972, 1.57241e-08
486493, 1.56188e-08
8583, 1.55175e-08
610501, 1.53557e-08
812283, 1.51243e-08
288601, 1.47693e-08
515003, 1.44415e-08
306747, 1.43509e-08
1059178, 1.42935e-08
337031, 1.3934e-08
1242388, 1.38641e-08
738852, 1.37646e-08
234452, 1.37248e-08
522697, 1.37001e-08
1273362, 1.30234e-08
175967, 1.29636e-08
623610, 1.26193e-08
1258559, 1.20906e-08
449897, 1.17038e-08
1280680, 1.15934e-08
762452, 1.15064e-08
928220, 1.10947e-08
3755, 1.10087e-08
14856, 1.06606e-08
881500, 1.05934e-08
798224, 1.04797e-08
179316, 1.02325e-08
510811, 1.02263e-08
896421, 1.01586e-08
247321, 1.00534e-08
151641, 1.00207e-08
1285478, 9.88287e-09
571498, 9.79325e-09
1167063, 9.77896e-09
1056428, 9.76352e-09
211403, 9.74218e-09
500726, 9.71395e-09
486852, 9.71259e-09
1218630, 9.71075e-09
327405, 9.70929e-09
63406, 9.70919e-09
336131, 9.65459e-09
451390, 9.64127e-09
547707, 9.63867e-09
822870, 9.63703e-09
661405, 9.61403e-09
267469, 9.61249e-09
444222, 9.59933e-09
103557, 9.59683e-09
377681, 9.58945e-09
975713, 9.54047e-09
798016, 9.4872e-09
236770, 9.46313e-09
1091805, 9.44951e-09
59909, 9.44611e-09
520185, 9.43988e-09
961550, 9.43308e-09
4811, 9.37544e-09
787428, 9.36869e-09
600586, 9.32047e-09
406062, 9.3052e-09
893318, 9.2389e-09
112443, 9.23465e-09
1079868, 9.22819e-09
1232732, 9.1908e-09
519608, 9.18722e-09
1631, 9.14441e-09
1193614, 9.12131e-09
606879, 9.09388e-09
826574, 9.04727e-09
1305596, 8.97735e-09
1253282, 8.93386e-09
603385, 8.87929e-09
755241, 8.72623e-09
60948, 8.5613e-09
800372, 8.46115e-09
1106913, 8.35954e-09
87292, 8.23708e-09
300375, 8.13703e-09
1247710, 8.11724e-09
1056604, 7.98192e-09
525942, 7.97645e-09
670966, 7.82398e-09
547942, 7.70852e-09
482074, 7.54575e-09
647157, 7.33233e-09
768701, 7.07987e-09
608900, 6.78963e-09
799886, 6.78322e-09
537776, 6.56952e-09
1194172, 6.53769e-09
706664, 6.45495e-09
922561, 6.44783e-09
518624, 6.32563e-09
451047, 6.28574e-09
645812, 6.22313e-09
945493, 5.93563e-09
642491, 5.9036e-09
1127534, 5.60004e-09
398901, 5.50076e-09
676423, 5.4772e-09
488382, 5.3842e-09
1157239, 5.20831e-09
635910, 5.0626e-09
452241, 5.04938e-09
267259, 5.0274e-09
203185, 4.92342e-09
418832, 4.80556e-09
136129, 4.79979e-09
455225, 4.78201e-09
101007, 4.65609e-09
693683, 4.49205e-09
140320, 4.30261e-09
824326, 4.25742e-09
982278, 4.25653e-09
1217539, 4.19517e-09
26181, 4.15654e-09
1059526, 3.99758e-09
41668, 3.89246e-09
814450, 3.81978e-09
303425, 3.79344e-09
1300461, 3.76065e-09
81736, 3.75825e-09
560300, 3.67746e-09
47482, 3.58699e-09
183315, 3.58232e-09
1069044, 3.5753e-09
627986, 3.47364e-09
368791, 3.42912e-09
1080977, 3.37018e-09
345113, 3.30522e-09
715832, 3.27093e-09
1119031, 3.19915e-09
369462, 3.18204e-09
1131342, 3.1707e-09
1234268, 3.13862e-09
82666, 3.13135e-09
525387, 3.04708e-09
481114, 2.98662e-09
38410, 2.94342e-09
628757, 2.75435e-09
350925, 2.75364e-09
903413, 2.64064e-09
47572, 2.62663e-09
338464, 2.5943e-09
1126308, 2.51822e-09
785417, 2.50102e-09
638509, 2.48973e-09
285279, 2.38589e-09
1297285, 2.20611e-09
358330, 2.17923e-09
139858, 2.15583e-09
387750, 2.12093e-09
659341, 2.08012e-09
384459, 1.94656e-09
741891, 1.88703e-09
1271435, 1.8804e-09
187334, 1.83151e-09
614590, 1.83014e-09
752481, 1.7996e-09
518129, 1.78685e-09
1399, 1.78055e-09
1271877, 1.76502e-09
1128188, 1.76476e-09
483816, 1.74737e-09
274889, 1.74449e-09
962412, 1.72141e-09
1257159, 1.72027e-09
1063156, 1.71955e-09
1096443, 1.71351e-09
1270307, 1.71318e-09
827887, 1.71195e-09
53499, 1.71157e-09
963748, 1.71051e-09
432120, 1.70856e-09
456687, 1.70732e-09
138791, 1.70667e-09
489239, 1.70443e-09
1018691, 1.69111e-09
1306130, 1.68803e-09
1129417, 1.68702e-09
1234961, 1.67725e-09
364628, 1.67659e-09
1057341, 1.6692e-09
152399, 1.66738e-09
118286, 1.66675e-09
249014, 1.6666e-09
611159, 1.66338e-09
102470, 1.6629e-09
986621, 1.65072e-09
506337, 1.61605e-09
946456, 1.60098e-09
104770, 1.59776e-09
139891, 1.55733e-09
289410, 1.54199e-09
291973, 1.52802e-09
297633, 1.47594e-09
935136, 1.35537e-09
500447, 1.31034e-09
510737, 1.26892e-09
345153, 1.2251e-09
462163, 1.20812e-09
357737, 1.1219e-09
1245299, 1.11083e-09
1280679, 1.08899e-09
529339, 1.05751e-09
247869, 1.03409e-09
459040, 1.02794e-09
83, 0
317, 0
826, 0
1133, 0
1200, 0
1484, 0
1674, 0
1739, 0
1866, 0
1941, 0
2128, 0
2187, 0
2278, 0
2348, 0
2518, 0
2712, 0
2755, 0
2784, 0
2924, 0
3167, 0
3233, 0
3280, 0
3296, 0
3335, 0
3374, 0
3434, 0
3506, 0
3783, 0
4192, 0
4194, 0
4320, 0
4414, 0
4733, 0
4834, 0
5267, 0
5455, 0
5497, 0
5644, 0
5864, 0
6047, 0
6150, 0
6151, 0
6888, 0
6889, 0
7206, 0
7210, 0
7358, 0
7669, 0
8258, 0
8339, 0
8348, 0
8769, 0
8970, 0
8988, 0
9299, 0
9329, 0
9448, 0
10310, 0
10352, 0
10801, 0
11014, 0
11078, 0
11226, 0
11396, 0
11517, 0
11523, 0
11999, 0
12143, 0
12793, 0
12833, 0
13045, 0
13329, 0
13408, 0
13851, 0
13888, 0
14010, 0
14388, 0
14430, 0
14594, 0
15052, 0
15116, 0
15178, 0
15387, 0
15701, 0
15733, 0
15771, 0
15827, 0
15908, 0
16064, 0
16079, 0
16153, 0
16300, 0
16441, 0
16908, 0
16976, 0
17037, 0
17796, 0
17883, 0
18069, 0
18475, 0
18630, 0
19231, 0
19391, 0
20021, 0
20562, 0
20629, 0
21623, 0
21632, 0
21749, 0
22393, 0
22400, 0
22407, 0
23068, 0
23279, 0
23481, 0
23609, 0
23755, 0
23940, 0
23980, 0
24061, 0
24213, 0
24319, 0
24443, 0
24546, 0
24618, 0
24644, 0
25039, 0
25207, 0
25341, 0
25583, 0
25896, 0
25955, 0
25994, 0
26005, 0
26046, 0
26173, 0
26446, 0
26777, 0
26953, 0
27252, 0
27562, 0
27587, 0
28521, 0
28548, 0
28649, 0
28824, 0
29310, 0
29729, 0
30491, 0
30493, 0
30556, 0
30611, 0
30683, 0
30722, 0
30820, 0
30924, 0
31267, 0
31639, 0
31709, 0
31998, 0
32146, 0
32691, 0
32707, 0
32715, 0
32748, 0
32866, 0
33003, 0
33096, 0
33307, 0
33509, 0
33688, 0
33985, 0
34012, 0
34013, 0
34216, 0
34713, 0
34715, 0
35275, 0
35432, 0
35498, 0
35581, 0
35653, 0
35855, 0
35884, 0
36214, 0
36535, 0
36662, 0
36700, 0
36781, 0
36809, 0
37241, 0
37336, 0
37361, 0
37434, 0
37669, 0
38045, 0
38100, 0
38170, 0
38299, 0
38360, 0
38418, 0
38641, 0
38695, 0
39880, 0
39910, 0
40122, 0
40163, 0
40626, 0
40632, 0
41858, 0
41908, 0
42130, 0
42808, 0
42894, 0
43400, 0
43410, 0
43593, 0
44250, 0
44399, 0
44855, 0
45248, 0
45491, 0
45583, 0
45689, 0
45830, 0
46065, 0
46156, 0
46254, 0
46301, 0
46365, 0
46380, 0
46510, 0
46522, 0
46705, 0
46763, 0
46825, 0
47329, 0
47371, 0
47446, 0
47455, 0
47540, 0
47589, 0
47660, 0
47720, 0
47745, 0
47798, 0
47800, 0
47864, 0
48434, 0
48436, 0
48555, 0
48654, 0
48825, 0
48913, 0
49102, 0
49152, 0
49450, 0
50250, 0
50822, 0
51183, 0
51218, 0
51357, 0
51608, 0
52044, 0
52534, 0
52660, 0
52707, 0
52766, 0
52912, 0
52919, 0
52933, 0
53075, 0
53551, 0
53796, 0
53810, 0
53823, 0
54060, 0
54722, 0
55100, 0
55438, 0
55673, 0
56533, 0
57051, 0
57186, 0
57349, 0
57940, 0
57960, 0
58012, 0
58192, 0
58671, 0
58764, 0
58791, 0
58903, 0
59110, 0
59271, 0
59307, 0
59356, 0
59969, 0
60220, 0
60264, 0
60270, 0
60498, 0
60987, 0
60998, 0
61053, 0
61122, 0
61824, 0
61901, 0
61969, 0
62125, 0
62151, 0
62274, 0
62297, 0
62429, 0
62951, 0
63043, 0
63238, 0
63288, 0
63913, 0
64066, 0
64111, 0
64657, 0
64688, 0
64721, 0
64861, 0
64929, 0
65038, 0
65347, 0
65402, 0
65618, 0
65688, 0
65712, 0
65907, 0
66129, 0
66341, 0
66859, 0
67020, 0
67289, 0
68237, 0
68271, 0
68404, 0
68631, 0
68638, 0
68650, 0
68841, 0
69238, 0
69282, 0
69325, 0
70137, 0
70193, 0
70377, 0
70470, 0
70515, 0
70611, 0
70741, 0
70854, 0
70858, 0
70914, 0
71294, 0
71381, 0
71594, 0
71621, 0
71709, 0
71811, 0
71830, 0
72053, 0
72238, 0
72377, 0
72526, 0
72571, 0
72692, 0
72793, 0
72833, 0
72835, 0
73106, 0
73165, 0
73199, 0
73203, 0
73737, 0
73782, 0
74310, 0
74324, 0
74342, 0
74438, 0
74441, 0
75121, 0
75161, 0
75358, 0
75445, 0
75564, 0
75600, 0
75612, 0
75629, 0
75759, 0
75825, 0
76018, 0
76043, 0
76171, 0
76175, 0
76454, 0
76499, 0
76756, 0
76933, 0
76999, 0
77214, 0
77461, 0
77684, 0
77827, 0
77876, 0
77896, 0
78295, 0
78453, 0
80090, 0
80605, 0
80755, 0
80884, 0
80912, 0
81150, 0
81315, 0
81524, 0
81655, 0
81754, 0
81970, 0
82460, 0
82778, 0
82788, 0
82984, 0
83012, 0
83074, 0
83168, 0
83224, 0
83573, 0
83705, 0
83951, 0
84029, 0
84040, 0
84048, 0
84106, 0
84116, 0
84155, 0
84554, 0
84598, 0
84701, 0
84784, 0
85448, 0
85470, 0
85800, 0
85832, 0
85890, 0
85987, 0
86025, 0
86098, 0
86153, 0
86195, 0
86206, 0
86333, 0
86532, 0
86547, 0
86664, 0
86788, 0
86827, 0
86896, 0
87028, 0
87050, 0
87340, 0
87405, 0
87498, 0
87604, 0
88348, 0
88368, 0
88426, 0
88460, 0
88525, 0
88970, 0
89260, 0
89307, 0
89379, 0
89394, 0
89527, 0
89724, 0
89735, 0
89871, 0
89898, 0
90115, 0
90139, 0
90430, 0
90629, 0
90726, 0
90781, 0
91252, 0
91514, 0
91535, 0
91615, 0
91694, 0
91787, 0
91854, 0
92013, 0
92128, 0
92218, 0
92220, 0
92320, 0
92598, 0
92801, 0
92882, 0
92961, 0
92982, 0
93164, 0
93335, 0
93905, 0
94056, 0
94439, 0
94450, 0
94469, 0
94485, 0
94642, 0
94767, 0
94774, 0
94797, 0
95237, 0
95287, 0
95291, 0
95571, 0
95731, 0
95920, 0
95963, 0
95979, 0
96091, 0
96263, 0
96353, 0
96413, 0
96692, 0
97573, 0
97588, 0
97874, 0
98240, 0
98368, 0
98754, 0
98964, 0
99046, 0
99169, 0
99407, 0
99434, 0
99464, 0
100016, 0
100095, 0
100204, 0
100515, 0
100920, 0
101165, 0
101293, 0
101909, 0
102127, 0
102499, 0
102511, 0
102948, 0
102978, 0
103412, 0
103489, 0
103518, 0
103542, 0
103578, 0
104207, 0
104566, 0
104718, 0
104861, 0
105645, 0
105660, 0
105746, 0
105970, 0
105972, 0
106112, 0
106230, 0
106346, 0
106549, 0
107045, 0
107169, 0
107285, 0
107572, 0
107620, 0
107790, 0
107909, 0
107917, 0
107944, 0
108032, 0
108087, 0
108799, 0
109281, 0
109334, 0
110027, 0
110105, 0
110198, 0
110568, 0
111476, 0
111499, 0
111949, 0
112027, 0
112324, 0
112327, 0
112497, 0
112501, 0
112748, 0
113047, 0
114272, 0
114563, 0
114639, 0
114716, 0
115219, 0
115434, 0
115778, 0
115908, 0
116021, 0
116111, 0
116204, 0
116302, 0
116339, 0
116342, 0
116549, 0
116605, 0
116646, 0
116673, 0
116676, 0
116698, 0
117125, 0
118533, 0
118684, 0
118872, 0
118930, 0
119554, 0
119737, 0
119805, 0
119980, 0
120208, 0
120225, 0
120707, 0
121631, 0
121695, 0
121792, 0
121892, 0
121999, 0
122097, 0
122268, 0
122361, 0
122433, 0
122442, 0
122617, 0
122685, 0
122807, 0
123472, 0
123792, 0
123898, 0
123948, 0
124338, 0
124363, 0
124385, 0
124520, 0
124573, 0
124688, 0
124691, 0
124979, 0
124994, 0
125106, 0
125591, 0
126011, 0
126545, 0
127255, 0
127605, 0
127751, 0
127824, 0
127839, 0
127865, 0
128351, 0
128438, 0
128457, 0
128641, 0
128680, 0
128830, 0
128842, 0
129269, 0
129280, 0
129467, 0
129473, 0
129642, 0
129724, 0
129797, 0
129889, 0
130041, 0
130077, 0
130080, 0
130084, 0
130431, 0
130518, 0
131003, 0
131159, 0
131272, 0
131338, 0
131484, 0
131497, 0
131753, 0
131765, 0
132679, 0
133280, 0
133358, 0
133420, 0
133457, 0
134149, 0
134190, 0
134249, 0
134285, 0
134326, 0
134351, 0
134380, 0
134525, 0
134614, 0
134700, 0
134966, 0
135858, 0
136168, 0
136221, 0
136443, 0
136773, 0
136803, 0
136840, 0
136940, 0
137101, 0
137110, 0
137195, 0
137208, 0
137450, 0
137683, 0
138044, 0
138453, 0
138458, 0
138610, 0
138722, 0
138884, 0
138954, 0
139274, 0
139615, 0
139859, 0
140099, 0
140321, 0
140489, 0
140491, 0
140623, 0
140842, 0
140934, 0
141091, 0
141212, 0
141331, 0
141417, 0
141547, 0
141557, 0
141592, 0
141645, 0
141681, 0
141703, 0
141716, 0
141831, 0
141955, 0
142066, 0
142160, 0
142197, 0
142249, 0
142728, 0
142867, 0
142887, 0
142956, 0
143036, 0
143071, 0
143931, 0
143986, 0
144237, 0
144571, 0
144612, 0
144775, 0
145193, 0
145694, 0
146071, 0
146247, 0
146860, 0
146896, 0
146915, 0
146921, 0
146960, 0
147136, 0
147195, 0
147230, 0
147356, 0
147592, 0
147625, 0
147699, 0
147722, 0
147783, 0
148080, 0
148118, 0
148153, 0
148201, 0
148397, 0
148449, 0
148595, 0
148644, 0
148742, 0
148754, 0
148832, 0
148930, 0
149372, 0
149837, 0
149860, 0
149866, 0
150106, 0
150157, 0
150518, 0
150633, 0
150635, 0
151040, 0
151302, 0
151331, 0
151622, 0
151769, 0
151875, 0
151911, 0
151914, 0
152127, 0
152230, 0
152256, 0
152540, 0
152675, 0
152797, 0
153014, 0
153201, 0
153218, 0
153410, 0
153443, 0
153478, 0
153537, 0
153614, 0
153662, 0
153870, 0
153896, 0
154103, 0
154375, 0
154386, 0
154462, 0
154622, 0
154638, 0
155014, 0
155048, 0
155115, 0
155167, 0
155201, 0
155324, 0
155529, 0
155553, 0
155827, 0
156061, 0
156213, 0
156217, 0
156293, 0
156315, 0
156362, 0
156393, 0
156560, 0
156678, 0
156745, 0
156855, 0
157075, 0
157183, 0
157218, 0
157544, 0
157898, 0
157937, 0
158011, 0
158092, 0
158142, 0
158343, 0
158359, 0
158485, 0
158493, 0
158514, 0
158515, 0
158606, 0
159016, 0
159094, 0
159099, 0
159180, 0
159202, 0
159284, 0
159285, 0
159374, 0
159566, 0
159685, 0
159794, 0
159868, 0
160066, 0
160105, 0
160354, 0
160560, 0
160988, 0
161004, 0
161055, 0
161188, 0
161290, 0
161395, 0
161492, 0
161697, 0
162020, 0
162073, 0
162092, 0
162342, 0
162385, 0
162411, 0
162610, 0
162989, 0
163138, 0
163248, 0
164450, 0
164704, 0
164869, 0
164953, 0
165058, 0
165099, 0
165320, 0
165370, 0
165374, 0
165425, 0
165567, 0
166431, 0
166463, 0
166651, 0
166778, 0
167194, 0
167437, 0
167515, 0
167540, 0
167558, 0
167610, 0
167956, 0
167963, 0
167988, 0
168030, 0
168095, 0
168105, 0
168144, 0
168174, 0
168194, 0
168306, 0
168312, 0
168503, 0
168654, 0
168707, 0
168852, 0
168916, 0
169056, 0
169057, 0
169091, 0
169221, 0
169361, 0
169456, 0
169554, 0
169557, 0
169648, 0
169754, 0
169803, 0
169890, 0
169953, 0
170365, 0
170412, 0
171189, 0
171274, 0
171307, 0
171321, 0
171516, 0
171541, 0
171841, 0
171928, 0
171955, 0
172022, 0
172628, 0
172988, 0
173270, 0
173826, 0
173883, 0
173991, 0
174445, 0
174890, 0
175029, 0
175032, 0
175124, 0
175456, 0
175577, 0
175637, 0
175809, 0
175827, 0
175999, 0
176019, 0
176030, 0
176111, 0
176170, 0
176179, 0
176266, 0
176336, 0
176646, 0
176746, 0
176955, 0
177476, 0
177527, 0
177528, 0
177908, 0
177988, 0
178042, 0
178182, 0
178215, 0
178463, 0
178727, 0
179466, 0
179757, 0
179924, 0
179983, 0
180058, 0
180281, 0
180288, 0
180291, 0
180297, 0
180517, 0
181031, 0
181327, 0
181393, 0
181494, 0
181546, 0
181612, 0
181662, 0
182721, 0
182801, 0
182825, 0
183207, 0
183317, 0
183347, 0
183360, 0
184125, 0
184578, 0
184866, 0
184953, 0
185061, 0
185408, 0
186035, 0
186419, 0
186491, 0
186493, 0
186589, 0
186632, 0
186880, 0
187055, 0
187200, 0
187323, 0
187570, 0
187975, 0
187980, 0
188036, 0
188283, 0
188337, 0
188442, 0
188582, 0
188820, 0
189008, 0
189171, 0
189271, 0
190493, 0
190515, 0
190704, 0
191036, 0
191300, 0
191349, 0
191466, 0
191785, 0
192144, 0
192276, 0
192485, 0
192546, 0
192547, 0
192727, 0
192745, 0
192775, 0
192958, 0
192959, 0
193106, 0
193119, 0
193232, 0
193258, 0
193573, 0
195127, 0
196025, 0
196134, 0
196332, 0
196612, 0
196874, 0
197001, 0
197137, 0
197352, 0
197764, 0
197863, 0
198229, 0
198616, 0
198654, 0
198739, 0
199134, 0
199139, 0
199406, 0
199571, 0
199818, 0
200149, 0
201197, 0
201273, 0
201701, 0
202667, 0
203033, 0
203128, 0
203817, 0
204558, 0
204600, 0
204607, 0
204650, 0
204709, 0
204854, 0
204890, 0
205079, 0
205956, 0
205981, 0
206589, 0
207641, 0
207790, 0
208056, 0
208217, 0
208719, 0
208811, 0
209169, 0
209181, 0
209280, 0
209371, 0
209415, 0
209554, 0
209598, 0
209736, 0
209899, 0
210286, 0
210303, 0
210608, 0
211181, 0
211350, 0
211413, 0
211456, 0
211523, 0
211850, 0
211936, 0
212210, 0
212329, 0
212466, 0
212693, 0
212943, 0
212989, 0
213144, 0
213509, 0
213642, 0
213880, 0
214074, 0
214189, 0
214234, 0
214306, 0
214629, 0
214883, 0
215055, 0
215452, 0
215511, 0
215564, 0
215616, 0
215982, 0
216214, 0
216529, 0
216561, 0
216577, 0
216686, 0
216753, 0
216926, 0
217596, 0
217693, 0
217774, 0
218062, 0
218240, 0
218519, 0
218547, 0
218913, 0
219225, 0
219344, 0
219453, 0
219459, 0
219585, 0
219827, 0
220215, 0
220510, 0
220519, 0
220746, 0
220941, 0
220953, 0
221071, 0
221115, 0
221428, 0
222194, 0
222380, 0
222587, 0
222670, 0
222796, 0
223660, 0
223695, 0
223712, 0
223719, 0
223724, 0
223769, 0
223860, 0
223864, 0
223870, 0
224006, 0
224011, 0
224089, 0
224123, 0
224318, 0
224561, 0
224843, 0
224903, 0
224962, 0
225093, 0
225119, 0
225197, 0
225310, 0
225539, 0
225625, 0
225986, 0
226347, 0
226362, 0
226778, 0
226823, 0
226873, 0
226939, 0
226987, 0
227063, 0
227123, 0
227139, 0
227220, 0
227368, 0
227481, 0
227542, 0
227673, 0
227742, 0
227822, 0
227876, 0
227957, 0
228226, 0
228317, 0
228746, 0
228796, 0
229180, 0
229802, 0
230246, 0
230437, 0
230578, 0
230830, 0
230919, 0
231021, 0
231076, 0
231090, 0
231323, 0
231357, 0
231467, 0
231768, 0
231884, 0
232128, 0
232150, 0
232758, 0
232792, 0
232876, 0
233159, 0
233160, 0
233182, 0
233243, 0
233573, 0
233644, 0
233685, 0
233705, 0
233795, 0
234386, 0
234494, 0
234637, 0
234967, 0
234985, 0
235010, 0
235073, 0
235103, 0
235399, 0
235735, 0
235856, 0
236102, 0
236559, 0
236706, 0
236727, 0
236742, 0
236760, 0
236777, 0
236841, 0
236857, 0
236888, 0
237020, 0
237021, 0
237094, 0
237365, 0
237403, 0
237864, 0
238075, 0
238277, 0
238294, 0
238511, 0
238657, 0
238776, 0
238881, 0
238984, 0
239016, 0
239189, 0
239205, 0
239278, 0
239645, 0
239723, 0
239848, 0
239915, 0
240064, 0
240714, 0
240752, 0
240802, 0
241060, 0
241269, 0
241390, 0
241494, 0
241507, 0
241513, 0
241666, 0
242561, 0
242738, 0
242782, 0
242789, 0
242920, 0
242980, 0
242986, 0
243385, 0
243617, 0
243689, 0
243738, 0
243789, 0
243826, 0
243839, 0
243899, 0
243930, 0
243997, 0
244661, 0
245121, 0
245165, 0
245333, 0
245547, 0
245687, 0
245728, 0
245768, 0
245984, 0
246280, 0
246533, 0
246766, 0
247197, 0
247495, 0
247675, 0
247878, 0
248034, 0
248056, 0
248148, 0
248173, 0
248361, 0
248405, 0
248614, 0
248907, 0
249029, 0
249039, 0
249231, 0
249535, 0
249760, 0
249993, 0
250034, 0
250893, 0
251044, 0
251620, 0
251808, 0
251847, 0
251928, 0
251932, 0
252067, 0
252852, 0
253243, 0
253540, 0
253721, 0
253787, 0
253995, 0
254059, 0
254131, 0
254186, 0
254228, 0
254363, 0
254398, 0
254620, 0
254682, 0
254915, 0
255320, 0
255633, 0
255719, 0
255784, 0
256006, 0
256161, 0
256182, 0
256229, 0
256265, 0
256414, 0
256642, 0
256788, 0
257217, 0
257330, 0
257545, 0
257616, 0
257766, 0
257784, 0
257790, 0
258054, 0
258313, 0
258317, 0
258322, 0
258774, 0
259051, 0
259066, 0
259538, 0
260073, 0
260224, 0
260638, 0
260731, 0
260987, 0
261021, 0
261041, 0
261114, 0
261211, 0
261302, 0
261577, 0
261815, 0
261843, 0
262034, 0
262139, 0
262399, 0
262832, 0
263165, 0
263335, 0
263622, 0
263719, 0
264097, 0
264266, 0
264530, 0
264557, 0
265024, 0
265408, 0
265488, 0
265576, 0
265647, 0
265775, 0
266019, 0
266025, 0
266101, 0
266181, 0
266183, 0
266691, 0
266730, 0
266844, 0
267223, 0
267337, 0
267478, 0
268326, 0
268899, 0
268936, 0
269100, 0
269101, 0
270066, 0
270349, 0
270483, 0
270699, 0
270995, 0
271357, 0
271642, 0
271774, 0
271795, 0
271821, 0
272000, 0
272543, 0
273058, 0
273090, 0
273151, 0
273250, 0
273804, 0
274136, 0
274139, 0
274360, 0
275684, 0
275740, 0
276021, 0
276077, 0
276390, 0
276428, 0
277218, 0
277437, 0
277575, 0
277631, 0
277697, 0
277702, 0
277724, 0
277862, 0
278323, 0
278466, 0
278554, 0
278556, 0
278832, 0
279464, 0
279694, 0
279756, 0
279808, 0
279983, 0
280669, 0
281266, 0
281465, 0
281845, 0
282152, 0
282422, 0
282531, 0
282582, 0
282712, 0
282809, 0
283059, 0
283065, 0
283307, 0
283530, 0
283899, 0
283966, 0
284041, 0
284077, 0
284252, 0
284525, 0
284825, 0
284908, 0
285193, 0
285365, 0
285537, 0
285744, 0
285967, 0
286025, 0
286218, 0
286280, 0
286558, 0
286564, 0
286591, 0
286864, 0
287440, 0
287806, 0
287908, 0
288267, 0
288372, 0
288395, 0
288423, 0
288492, 0
288630, 0
288683, 0
288907, 0
288983, 0
289326, 0
289434, 0
289545, 0
289651, 0
289729, 0
289733, 0
289899, 0
289922, 0
289965, 0
290027, 0
290040, 0
290117, 0
290180, 0
290427, 0
290529, 0
290583, 0
290651, 0
290775, 0
290882, 0
290968, 0
290997, 0
291008, 0
291100, 0
291202, 0
291449, 0
291688, 0
291864, 0
291880, 0
291912, 0
292489, 0
292494, 0
292741, 0
292812, 0
292868, 0
292975, 0
293074, 0
293084, 0
293125, 0
293183, 0
293266, 0
293280, 0
293537, 0
293598, 0
293772, 0
293909, 0
294510, 0
294555, 0
294675, 0
294716, 0
294761, 0
294824, 0
295688, 0
295868, 0
295907, 0
295949, 0
295965, 0
296020, 0
296274, 0
296313, 0
296357, 0
296671, 0
296876, 0
296906, 0
296958, 0
297001, 0
297078, 0
297487, 0
297502, 0
297505, 0
297781, 0
297822, 0
298035, 0
298091, 0
298158, 0
298238, 0
298379, 0
298553, 0
298640, 0
298674, 0
298691, 0
298962, 0
299072, 0
299210, 0
299276, 0
299281, 0
299482, 0
299687, 0
299692, 0
299703, 0
299868, 0
299934, 0
300079, 0
300154, 0
300168, 0
300183, 0
300215, 0
300260, 0
300351, 0
300432, 0
301010, 0
301041, 0
301990, 0
302147, 0
302190, 0
302694, 0
302789, 0
302837, 0
302962, 0
302969, 0
303020, 0
303052, 0
303120, 0
303214, 0
303246, 0
303740, 0
303774, 0
304253, 0
304387, 0
304573, 0
305000, 0
305380, 0
305410, 0
305803, 0
305957, 0
305993, 0
306014, 0
306073, 0
306193, 0
306195, 0
306351, 0
306357, 0
306662, 0
306909, 0
306926, 0
306983, 0
307126, 0
307157, 0
307164, 0
307179, 0
307406, 0
307632, 0
307640, 0
307692, 0
307754, 0
307801, 0
307824, 0
307856, 0
307893, 0
308064, 0
308364, 0
308519, 0
308574, 0
308584, 0
308631, 0
308652, 0
308729, 0
308736, 0
309104, 0
309234, 0
309410, 0
309610, 0
309710, 0
309730, 0
309731, 0
309737, 0
309738, 0
309937, 0
309955, 0
310037, 0
310080, 0
310207, 0
310234, 0
310377, 0
310447, 0
310698, 0
310997, 0
311050, 0
311156, 0
311192, 0
311306, 0
311600, 0
311652, 0
311836, 0
312036, 0
312076, 0
312227, 0
312476, 0
312702, 0
312761, 0
312872, 0
313097, 0
313148, 0
313218, 0
313371, 0
313583, 0
313673, 0
313734, 0
313840, 0
313885, 0
314002, 0
314314, 0
315236, 0
315247, 0
315317, 0
315460, 0
315520, 0
315814, 0
315824, 0
315859, 0
315916, 0
316003, 0
316061, 0
316147, 0
316163, 0
316391, 0
317404, 0
317640, 0
317682, 0
318969, 0
319082, 0
319603, 0
319623, 0
319967, 0
320037, 0
321047, 0
321058, 0
321167, 0
321299, 0
321740, 0
321946, 0
321987, 0
322030, 0
322273, 0
322398, 0
322443, 0
323028, 0
323080, 0
323742, 0
323816, 0
323935, 0
324388, 0
325046, 0
325343, 0
325794, 0
326223, 0
326373, 0
326391, 0
326545, 0
326994, 0
327032, 0
327056, 0
327409, 0
327447, 0
327487, 0
327532, 0
327777, 0
328328, 0
328501, 0
328673, 0
329508, 0
329529, 0
330175, 0
330222, 0
330572, 0
331104, 0
331322, 0
331435, 0
331560, 0
331664, 0
331771, 0
332107, 0
332642, 0
332665, 0
332714, 0
332831, 0
332975, 0
333021, 0
333179, 0
333523, 0
333542, 0
333790, 0
333880, 0
334082, 0
334330, 0
334356, 0
334504, 0
334579, 0
334685, 0
335055, 0
335291, 0
335357, 0
335404, 0
335445, 0
335598, 0
335602, 0
335606, 0
335619, 0
335653, 0
335664, 0
335699, 0
335734, 0
335768, 0
335843, 0
335957, 0
336090, 0
336153, 0
336244, 0
336707, 0
336724, 0
336901, 0
337061, 0
337508, 0
337782, 0
337816, 0
337886, 0
337914, 0
337959, 0
337973, 0
338615, 0
338684, 0
338739, 0
338895, 0
338930, 0
338948, 0
339584, 0
339814, 0
339917, 0
340005, 0
340127, 0
340229, 0
340388, 0
340415, 0
340522, 0
340602, 0
340902, 0
341227, 0
341699, 0
341738, 0
342174, 0
342177, 0
342337, 0
342428, 0
342578, 0
342989, 0
343245, 0
343531, 0
343884, 0
344304, 0
344347, 0
344362, 0
344454, 0
345382, 0
345865, 0
345999, 0
346170, 0
346193, 0
346395, 0
346416, 0
347051, 0
347244, 0
347337, 0
347351, 0
347364, 0
347551, 0
347680, 0
347713, 0
347770, 0
347825, 0
347913, 0
347939, 0
347998, 0
348349, 0
348494, 0
349074, 0
349154, 0
349235, 0
349280, 0
349532, 0
349686, 0
350094, 0
350111, 0
350490, 0
350867, 0
351033, 0
351640, 0
351842, 0
352382, 0
352615, 0
352779, 0
352802, 0
352903, 0
353100, 0
353928, 0
354278, 0
354781, 0
354979, 0
355225, 0
355746, 0
355789, 0
356600, 0
356777, 0
356874, 0
356904, 0
356936, 0
357027, 0
357247, 0
357261, 0
357263, 0
357357, 0
357438, 0
357465, 0
357591, 0
357627, 0
357633, 0
357735, 0
357757, 0
358159, 0
358248, 0
358666, 0
358986, 0
359030, 0
359051, 0
359270, 0
359668, 0
359997, 0
360379, 0
360742, 0
360852, 0
360968, 0
361056, 0
361119, 0
361157, 0
361170, 0
361226, 0
361648, 0
361756, 0
362098, 0
362103, 0
362172, 0
362211, 0
362342, 0
362649, 0
363670, 0
363821, 0
364145, 0
364762, 0
364878, 0
364935, 0
364965, 0
365789, 0
365865, 0
366278, 0
366352, 0
366405, 0
366814, 0
366820, 0
366996, 0
367202, 0
367482, 0
367486, 0
367487, 0
367511, 0
367537, 0
367962, 0
368224, 0
368950, 0
369118, 0
369469, 0
369762, 0
370018, 0
370040, 0
370796, 0
370827, 0
370915, 0
371024, 0
371077, 0
371174, 0
371408, 0
371605, 0
371726, 0
371773, 0
371789, 0
371848, 0
372494, 0
372522, 0
372673, 0
372804, 0
372847, 0
373333, 0
373644, 0
373728, 0
373796, 0
373830, 0
373882, 0
373924, 0
374248, 0
374391, 0
374848, 0
374931, 0
375067, 0
376397, 0
377326, 0
377453, 0
377484, 0
377716, 0
377775, 0
377805, 0
377813, 0
378058, 0
378447, 0
378551, 0
378601, 0
379213, 0
379476, 0
379493, 0
379631, 0
379641, 0
379976, 0
380188, 0
380326, 0
380440, 0
380502, 0
381004, 0
381058, 0
381279, 0
381812, 0
382182, 0
382261, 0
382415, 0
382668, 0
382776, 0
382921, 0
383153, 0
383218, 0
383793, 0
384366, 0
384443, 0
384532, 0
384647, 0
384847, 0
384974, 0
385186, 0
385449, 0
385688, 0
385823, 0
385858, 0
385918, 0
386408, 0
386836, 0
386887, 0
387118, 0
387325, 0
387571, 0
387579, 0
387717, 0
387749, 0
387775, 0
387958, 0
388072, 0
388485, 0
388535, 0
388588, 0
388738, 0
389315, 0
389418, 0
390004, 0
390080, 0
390146, 0
390356, 0
390607, 0
390826, 0
390829, 0
390837, 0
390884, 0
391026, 0
391224, 0
391349, 0
391389, 0
391407, 0
391441, 0
392038, 0
392946, 0
393399, 0
393680, 0
393983, 0
394090, 0
394104, 0
394147, 0
394348, 0
394476, 0
394575, 0
394623, 0
394638, 0
394671, 0
394982, 0
395712, 0
395842, 0
396311, 0
396314, 0
396858, 0
396883, 0
396891, 0
397087, 0
397170, 0
397190, 0
397196, 0
397252, 0
397261, 0
397275, 0
397477, 0
397549, 0
397614, 0
397711, 0
397738, 0
397839, 0
397866, 0
397950, 0
397973, 0
398047, 0
398057, 0
398108, 0
398140, 0
398168, 0
398407, 0
398610, 0
398650, 0
398865, 0
398911, 0
398982, 0
399006, 0
399208, 0
399402, 0
399466, 0
399809, 0
400083, 0
400097, 0
400220, 0
400271, 0
400323, 0
400400, 0
400562, 0
400585, 0
400739, 0
400894, 0
400921, 0
401255, 0
401464, 0
401903, 0
401928, 0
402133, 0
402469, 0
402612, 0
402697, 0
402794, 0
403274, 0
403282, 0
403385, 0
403623, 0
403682, 0
403688, 0
403728, 0
403855, 0
404156, 0
404447, 0
404648, 0
404844, 0
404859, 0
405441, 0
405622, 0
405678, 0
405706, 0
405985, 0
406290, 0
406370, 0
406446, 0
406639, 0
406705, 0
406865, 0
407054, 0
407204, 0
407238, 0
407852, 0
407875, 0
408246, 0
408336, 0
408468, 0
408484, 0
408493, 0
408526, 0
408832, 0
409040, 0
409098, 0
409133, 0
409441, 0
409593, 0
409632, 0
409843, 0
410063, 0
410804, 0
410952, 0
411114, 0
411149, 0
411345, 0
411484, 0
412000, 0
412109, 0
412142, 0
412172, 0
412538, 0
412812, 0
413165, 0
413762, 0
413774, 0
413970, 0
414636, 0
414659, 0
414697, 0
414872, 0
414974, 0
415077, 0
415134, 0
415164, 0
415235, 0
415278, 0
415359, 0
415566, 0
415807, 0
415955, 0
416008, 0
416115, 0
416183, 0
416248, 0
416269, 0
416278, 0
416294, 0
416351, 0
416424, 0
416536, 0
416571, 0
416667, 0
416776, 0
416817, 0
416904, 0
416938, 0
416956, 0
417156, 0
417639, 0
417752, 0
418140, 0
418189, 0
418196, 0
418288, 0
418390, 0
418407, 0
418501, 0
418520, 0
418933, 0
418945, 0
419767, 0
419867, 0
420798, 0
420945, 0
421541, 0
421865, 0
422637, 0
422804, 0
422884, 0
423134, 0
423156, 0
423322, 0
423554, 0
423922, 0
424099, 0
424127, 0
424164, 0
424173, 0
424223, 0
424458, 0
424600, 0
425333, 0
425623, 0
425632, 0
425987, 0
426102, 0
426266, 0
426983, 0
427146, 0
427195, 0
427509, 0
427710, 0
428721, 0
428724, 0
428800, 0
428805, 0
428816, 0
428891, 0
428919, 0
428984, 0
429110, 0
429131, 0
429437, 0
429634, 0
429635, 0
429669, 0
429744, 0
430019, 0
430040, 0
430046, 0
430061, 0
430113, 0
430163, 0
430498, 0
430754, 0
430833, 0
430983, 0
431247, 0
431705, 0
432552, 0
432629, 0
433296, 0
433362, 0
433647, 0
433980, 0
433984, 0
434223, 0
434257, 0
434480, 0
434671, 0
435093, 0
435220, 0
435234, 0
435582, 0
436847, 0
437315, 0
437622, 0
438270, 0
439366, 0
439391, 0
439401, 0
439618, 0
439659, 0
439695, 0
439899, 0
440131, 0
440318, 0
440469, 0
441083, 0
441257, 0
441399, 0
442011, 0
442226, 0
442278, 0
442652, 0
442810, 0
442864, 0
442953, 0
443465, 0
444010, 0
444019, 0
444241, 0
444308, 0
444336, 0
444377, 0
444456, 0
444792, 0
444942, 0
445094, 0
445282, 0
445356, 0
445430, 0
445452, 0
445597, 0
446095, 0
446420, 0
446423, 0
446452, 0
446623, 0
446624, 0
446846, 0
447168, 0
447229, 0
447860, 0
448117, 0
448188, 0
448277, 0
448290, 0
449115, 0
449435, 0
449450, 0
449583, 0
449702, 0
449817, 0
449880, 0
449969, 0
450014, 0
450218, 0
450318, 0
450466, 0
450513, 0
450701, 0
450706, 0
450735, 0
450843, 0
450853, 0
450986, 0
451180, 0
451493, 0
451738, 0
451987, 0
452082, 0
452180, 0
452198, 0
452205, 0
452246, 0
452262, 0
452270, 0
452288, 0
452315, 0
452387, 0
452389, 0
452697, 0
452834, 0
452848, 0
452900, 0
452914, 0
453325, 0
453550, 0
453976, 0
454110, 0
454349, 0
454965, 0
455063, 0
455141, 0
455308, 0
455897, 0
455909, 0
455973, 0
456078, 0
456123, 0
456291, 0
456405, 0
456910, 0
456936, 0
457236, 0
457332, 0
457590, 0
458032, 0
458060, 0
458465, 0
458640, 0
458789, 0
458909, 0
459054, 0
459663, 0
459858, 0
460509, 0
460574, 0
460686, 0
460987, 0
461051, 0
461342, 0
461350, 0
461411, 0
461417, 0
461760, 0
461767, 0
461886, 0
462373, 0
462393, 0
462436, 0
462674, 0
462999, 0
463271, 0
463380, 0
463432, 0
463616, 0
463643, 0
463708, 0
464179, 0
464406, 0
464829, 0
464915, 0
465137, 0
465826, 0
465938, 0
466047, 0
466146, 0
467549, 0
467640, 0
467723, 0
467811, 0
467972, 0
468160, 0
468492, 0
468507, 0
468597, 0
468848, 0
468958, 0
469123, 0
469125, 0
469615, 0
469642, 0
470742, 0
470929, 0
471019, 0
471255, 0
471574, 0
471607, 0
472484, 0
472598, 0
472607, 0
472656, 0
472991, 0
473143, 0
473207, 0
473571, 0
473601, 0
473642, 0
473682, 0
473689, 0
473803, 0
474100, 0
474335, 0
474593, 0
474653, 0
474973, 0
474979, 0
475058, 0
475107, 0
475539, 0
475779, 0
475807, 0
475820, 0
475876, 0
476286, 0
476749, 0
476985, 0
477140, 0
477618, 0
477634, 0
477741, 0
477901, 0
477926, 0
478087, 0
478092, 0
478198, 0
478254, 0
478315, 0
478345, 0
478389, 0
478550, 0
478592, 0
478834, 0
478954, 0
478971, 0
479016, 0
479040, 0
479119, 0
479330, 0
479692, 0
479752, 0
479795, 0
479814, 0
479824, 0
480069, 0
480679, 0
480733, 0
480881, 0
481019, 0
481080, 0
481573, 0
481785, 0
482122, 0
482291, 0
482434, 0
482484, 0
482513, 0
482551, 0
482685, 0
482714, 0
482780, 0
482800, 0
482820, 0
482908, 0
482992, 0
483034, 0
483146, 0
483299, 0
483651, 0
483672, 0
483893, 0
483924, 0
484126, 0
484555, 0
484559, 0
484563, 0
484670, 0
484691, 0
484734, 0
484885, 0
485071, 0
485490, 0
485498, 0
485806, 0
485859, 0
486600, 0
486850, 0
486976, 0
487059, 0
487199, 0
487270, 0
487285, 0
487765, 0
487781, 0
487940, 0
488320, 0
488707, 0
488856, 0
488924, 0
488939, 0
489092, 0
489130, 0
489262, 0
489370, 0
489378, 0
489810, 0
490211, 0
490574, 0
490780, 0
490852, 0
490910, 0
491266, 0
491286, 0
491368, 0
491546, 0
491736, 0
491792, 0
492038, 0
492102, 0
493023, 0
493122, 0
493441, 0
493980, 0
494036, 0
494104, 0
494443, 0
494683, 0
495208, 0
495447, 0
495794, 0
496794, 0
497153, 0
497336, 0
497462, 0
497735, 0
497751, 0
497937, 0
497973, 0
498126, 0
498175, 0
498213, 0
498382, 0
498533, 0
498835, 0
499067, 0
499137, 0
499205, 0
499338, 0
499377, 0
499469, 0
499516, 0
499536, 0
500118, 0
500266, 0
500627, 0
500918, 0
501287, 0
501669, 0
501718, 0
502640, 0
503001, 0
503539, 0
503748, 0
504199, 0
504416, 0
504679, 0
505006, 0
505114, 0
505219, 0
505372, 0
505670, 0
505821, 0
506053, 0
506162, 0
506226, 0
506288, 0
506346, 0
506383, 0
506397, 0
506415, 0
506558, 0
507352, 0
507376, 0
507709, 0
507747, 0
508121, 0
508237, 0
508281, 0
508829, 0
508844, 0
509071, 0
509144, 0
509157, 0
509195, 0
509346, 0
509384, 0
509735, 0
509771, 0
509803, 0
509831, 0
509910, 0
510431, 0
510572, 0
510590, 0
510711, 0
510790, 0
511428, 0
511532, 0
511932, 0
512094, 0
512764, 0
512807, 0
513264, 0
513350, 0
513353, 0
513490, 0
514066, 0
514140, 0
514233, 0
514268, 0
514336, 0
514399, 0
514486, 0
514592, 0
514595, 0
514690, 0
514733, 0
514789, 0
515243, 0
515426, 0
515500, 0
515522, 0
515534, 0
515591, 0
515754, 0
515785, 0
515914, 0
515923, 0
516486, 0
516843, 0
517108, 0
517149, 0
517295, 0
517331, 0
517774, 0
517837, 0
517881, 0
518014, 0
518051, 0
518106, 0
518264, 0
518438, 0
518636, 0
518647, 0
518806, 0
519100, 0
519206, 0
519312, 0
519330, 0
519467, 0
519531, 0
519617, 0
519699, 0
519878, 0
519884, 0
520153, 0
520240, 0
520244, 0
520279, 0
520297, 0
520322, 0
520348, 0
520403, 0
520582, 0
520624, 0
520794, 0
521073, 0
521404, 0
521623, 0
521667, 0
521756, 0
522011, 0
522693, 0
522848, 0
522988, 0
523160, 0
523394, 0
523455, 0
523943, 0
524198, 0
524274, 0
524466, 0
524610, 0
524904, 0
524959, 0
524983, 0
524985, 0
525019, 0
525487, 0
525667, 0
525713, 0
525979, 0
526122, 0
526180, 0
526328, 0
526349, 0
526398, 0
526444, 0
526555, 0
526946, 0
527160, 0
527265, 0
527269, 0
527325, 0
527586, 0
527590, 0
527637, 0
527837, 0
527860, 0
527931, 0
528175, 0
528235, 0
528354, 0
528429, 0
528602, 0
528709, 0
528726, 0
528797, 0
528853, 0
528882, 0
528916, 0
528966, 0
529108, 0
529268, 0
529289, 0
529405, 0
529428, 0
529714, 0
529891, 0
530557, 0
530559, 0
530599, 0
530637, 0
530653, 0
530852, 0
531040, 0
531147, 0
531611, 0
531628, 0
531721, 0
531846, 0
531978, 0
532008, 0
532120, 0
532399, 0
532563, 0
532758, 0
533302, 0
533400, 0
533750, 0
533758, 0
533925, 0
534213, 0
534228, 0
534273, 0
534350, 0
534352, 0
534599, 0
534725, 0
534871, 0
535443, 0
535807, 0
536059, 0
536278, 0
536458, 0
537142, 0
537513, 0
537538, 0
538022, 0
538618, 0
538810, 0
539345, 0
539605, 0
539743, 0
539845, 0
539859, 0
539904, 0
540074, 0
540085, 0
540632, 0
540725, 0
540730, 0
540926, 0
541001, 0
541123, 0
541418, 0
541482, 0
541663, 0
541697, 0
541976, 0
541994, 0
542007, 0
542331, 0
542530, 0
542977, 0
543178, 0
543335, 0
543525, 0
543538, 0
543569, 0
543621, 0
544972, 0
545363, 0
545472, 0
545763, 0
545956, 0
546041, 0
546046, 0
546110, 0
546428, 0
546834, 0
546857, 0
546916, 0
547108, 0
547441, 0
547497, 0
547645, 0
547666, 0
547796, 0
548128, 0
548275, 0
548375, 0
548403, 0
548540, 0
548796, 0
548799, 0
548858, 0
549213, 0
549325, 0
549548, 0
549794, 0
549810, 0
549884, 0
550024, 0
550028, 0
550495, 0
550655, 0
551386, 0
551388, 0
551803, 0
552041, 0
552289, 0
552322, 0
552427, 0
552521, 0
552753, 0
553142, 0
554292, 0
554429, 0
554861, 0
554864, 0
554911, 0
555057, 0
555303, 0
555529, 0
555647, 0
555976, 0
556165, 0
556335, 0
556470, 0
557302, 0
557556, 0
557678, 0
557831, 0
557870, 0
558083, 0
558233, 0
558280, 0
558332, 0
558386, 0
558761, 0
558805, 0
558934, 0
559020, 0
559084, 0
559178, 0
559187, 0
560084, 0
560372, 0
560670, 0
561001, 0
561075, 0
561180, 0
561740, 0
562047, 0
562066, 0
562264, 0
562505, 0
562698, 0
562771, 0
562870, 0
562946, 0
563172, 0
563436, 0
563494, 0
563778, 0
564150, 0
564205, 0
564467, 0
564559, 0
564611, 0
565191, 0
565326, 0
565584, 0
565664, 0
566714, 0
566865, 0
566870, 0
567286, 0
567735, 0
567748, 0
567753, 0
567863, 0
567898, 0
568032, 0
568439, 0
568507, 0
568701, 0
568966, 0
569067, 0
569443, 0
569721, 0
569863, 0
570118, 0
570182, 0
570525, 0
570709, 0
570816, 0
570889, 0
571001, 0
571040, 0
571140, 0
571260, 0
571437, 0
571505, 0
571808, 0
571897, 0
572158, 0
572213, 0
572657, 0
572898, 0
573452, 0
573507, 0
573698, 0
573855, 0
573878, 0
574023, 0
574108, 0
574122, 0
574180, 0
574181, 0
574665, 0
575000, 0
575259, 0
575609, 0
575880, 0
576017, 0
576126, 0
576203, 0
576347, 0
576405, 0
576501, 0
576796, 0
576922, 0
576933, 0
576935, 0
576939, 0
576997, 0
577056, 0
577060, 0
577225, 0
577367, 0
577446, 0
577463, 0
577516, 0
577568, 0
577798, 0
577811, 0
577865, 0
578083, 0
578140, 0
578169, 0
578234, 0
578624, 0
578670, 0
578725, 0
579252, 0
579377, 0
579472, 0
579547, 0
579612, 0
579734, 0
579800, 0
579850, 0
579864, 0
579875, 0
579990, 0
580011, 0
580375, 0
580470, 0
580733, 0
581049, 0
581126, 0
581302, 0
581398, 0
581415, 0
582187, 0
582194, 0
582212, 0
582273, 0
582407, 0
582425, 0
582461, 0
582641, 0
582915, 0
582964, 0
583336, 0
583419, 0
583460, 0
583603, 0
583613, 0
583820, 0
583839, 0
584207, 0
584594, 0
585017, 0
585113, 0
585303, 0
585376, 0
585609, 0
585722, 0
585760, 0
585949, 0
586596, 0
586681, 0
586724, 0
586879, 0
587283, 0
587428, 0
587468, 0
587492, 0
588051, 0
588118, 0
588890, 0
589177, 0
589512, 0
589541, 0
589706, 0
589993, 0
590018, 0
590052, 0
590479, 0
590683, 0
591049, 0
591148, 0
591308, 0
591716, 0
592144, 0
592391, 0
592400, 0
592401, 0
592435, 0
592766, 0
592776, 0
592978, 0
593028, 0
593116, 0
593478, 0
593525, 0
593618, 0
593619, 0
593631, 0
593780, 0
594090, 0
594239, 0
594403, 0
594451, 0
594454, 0
594466, 0
595299, 0
595383, 0
595423, 0
595603, 0
595799, 0
595829, 0
595857, 0
595915, 0
595916, 0
596431, 0
596853, 0
597158, 0
597680, 0
597714, 0
597951, 0
598297, 0
598475, 0
598508, 0
598702, 0
599082, 0
599397, 0
599605, 0
599758, 0
599898, 0
600257, 0
600703, 0
600849, 0
600956, 0
601215, 0
601324, 0
601454, 0
601879, 0
601931, 0
601974, 0
602104, 0
602289, 0
602294, 0
602375, 0
602616, 0
602746, 0
603127, 0
603140, 0
603160, 0
603234, 0
603377, 0
603482, 0
603566, 0
603581, 0
603714, 0
603741, 0
603753, 0
603818, 0
604222, 0
604453, 0
604595, 0
604596, 0
604800, 0
605065, 0
605181, 0
605221, 0
605279, 0
605789, 0
605872, 0
606051, 0
606132, 0
606177, 0
606886, 0
607261, 0
607298, 0
608022, 0
608131, 0
608253, 0
608389, 0
608615, 0
609067, 0
609073, 0
609230, 0
609236, 0
609441, 0
609523, 0
609668, 0
609727, 0
609871, 0
609918, 0
609943, 0
610207, 0
610308, 0
610349, 0
610371, 0
610557, 0
610645, 0
610756, 0
610801, 0
610815, 0
611005, 0
611218, 0
611333, 0
611602, 0
611641, 0
611722, 0
611794, 0
611919, 0
611956, 0
612166, 0
612271, 0
612313, 0
612337, 0
612469, 0
612526, 0
612536, 0
612762, 0
612855, 0
612956, 0
613059, 0
613179, 0
613195, 0
613440, 0
613495, 0
613679, 0
613690, 0
613697, 0
614215, 0
614535, 0
614564, 0
614586, 0
614748, 0
615252, 0
615493, 0
615582, 0
615647, 0
615771, 0
615964, 0
615997, 0
616706, 0
616711, 0
617594, 0
617796, 0
617834, 0
617875, 0
617957, 0
618213, 0
618359, 0
618410, 0
618430, 0
618479, 0
618528, 0
618662, 0
618699, 0
619089, 0
619127, 0
619203, 0
619526, 0
619698, 0
619731, 0
620103, 0
620435, 0
620531, 0
620592, 0
620630, 0
620807, 0
621080, 0
621124, 0
621327, 0
621371, 0
621468, 0
621470, 0
621711, 0
621811, 0
622110, 0
622167, 0
622282, 0
622301, 0
622477, 0
622560, 0
623229, 0
623291, 0
623382, 0
623398, 0
623399, 0
623445, 0
623448, 0
623494, 0
623632, 0
623661, 0
623690, 0
624069, 0
624214, 0
624254, 0
624527, 0
624710, 0
624713, 0
624743, 0
624747, 0
625404, 0
625481, 0
625621, 0
625680, 0
625697, 0
625953, 0
626050, 0
626791, 0
627417, 0
627420, 0
627978, 0
628675, 0
629124, 0
629842, 0
630157, 0
630214, 0
630516, 0
630525, 0
630610, 0
631217, 0
631232, 0
631477, 0
631815, 0
631890, 0
631933, 0
632055, 0
632145, 0
632587, 0
632806, 0
633046, 0
633092, 0
633503, 0
633518, 0
633530, 0
633757, 0
633860, 0
634004, 0
635004, 0
635129, 0
635137, 0
635163, 0
635744, 0
635866, 0
635871, 0
635874, 0
635901, 0
635977, 0
636083, 0
636229, 0
636234, 0
636295, 0
636552, 0
636773, 0
636993, 0
637165, 0
637178, 0
637220, 0
637382, 0
637468, 0
637664, 0
637670, 0
637814, 0
637846, 0
638265, 0
638337, 0
638434, 0
638435, 0
638658, 0
638791, 0
638911, 0
638967, 0
638979, 0
639151, 0
639188, 0
639264, 0
639302, 0
639406, 0
639457, 0
639581, 0
639878, 0
639899, 0
639916, 0
639922, 0
640003, 0
640339, 0
640432, 0
640491, 0
640619, 0
640660, 0
640830, 0
641604, 0
641616, 0
641727, 0
641834, 0
642083, 0
642157, 0
642184, 0
642195, 0
642274, 0
642348, 0
642354, 0
642453, 0
642556, 0
642974, 0
643007, 0
643154, 0
643215, 0
643270, 0
643304, 0
643405, 0
643409, 0
643480, 0
643611, 0
643643, 0
643914, 0
644169, 0
644178, 0
644182, 0
644312, 0
644389, 0
644524, 0
644534, 0
644689, 0
644764, 0
644805, 0
645085, 0
645125, 0
645250, 0
645467, 0
645675, 0
645902, 0
645996, 0
646027, 0
646074, 0
646196, 0
646327, 0
646484, 0
646638, 0
646754, 0
646936, 0
647145, 0
647984, 0
648003, 0
648066, 0
648256, 0
648371, 0
648566, 0
648837, 0
649002, 0
649534, 0
649779, 0
649886, 0
649889, 0
650059, 0
650300, 0
650325, 0
650504, 0
650611, 0
650633, 0
651481, 0
651756, 0
652371, 0
652671, 0
652719, 0
652753, 0
652793, 0
653640, 0
654201, 0
654758, 0
654891, 0
654940, 0
654954, 0
654984, 0
655474, 0
655636, 0
655642, 0
656575, 0
656908, 0
657010, 0
657154, 0
657156, 0
657798, 0
657881, 0
658322, 0
658825, 0
659348, 0
659430, 0
660358, 0
660738, 0
660852, 0
660948, 0
661033, 0
661457, 0
661646, 0
662138, 0
662181, 0
662779, 0
662881, 0
663847, 0
664286, 0
664547, 0
664708, 0
664923, 0
665082, 0
665108, 0
666197, 0
666480, 0
666573, 0
667020, 0
667680, 0
667977, 0
668067, 0
668555, 0
668859, 0
669061, 0
669597, 0
669623, 0
670359, 0
670657, 0
670693, 0
670771, 0
670990, 0
671045, 0
671657, 0
671682, 0
672024, 0
672083, 0
672259, 0
672288, 0
672769, 0
672773, 0
672851, 0
672929, 0
673428, 0
673488, 0
673548, 0
673714, 0
673914, 0
674028, 0
674172, 0
674471, 0
674558, 0
675059, 0
675514, 0
676141, 0
676549, 0
676571, 0
676647, 0
676920, 0
677306, 0
677397, 0
677408, 0
677904, 0
679080, 0
679083, 0
679197, 0
679274, 0
679300, 0
680114, 0
680236, 0
680253, 0
680312, 0
680498, 0
680794, 0
681792, 0
681956, 0
682300, 0
682488, 0
682561, 0
682878, 0
682882, 0
683306, 0
683406, 0
683496, 0
683609, 0
683651, 0
683914, 0
684001, 0
684241, 0
684431, 0
684562, 0
684658, 0
684770, 0
684882, 0
684990, 0
685124, 0
686233, 0
686333, 0
686501, 0
687093, 0
687142, 0
687148, 0
687156, 0
687208, 0
688295, 0
688304, 0
688334, 0
688373, 0
688399, 0
688721, 0
688757, 0
688840, 0
688977, 0
689576, 0
690213, 0
690258, 0
690289, 0
690984, 0
691029, 0
691239, 0
691241, 0
691676, 0
692620, 0
692742, 0
692917, 0
693223, 0
693930, 0
693931, 0
694194, 0
695103, 0
695127, 0
696150, 0
696483, 0
696520, 0
697147, 0
697560, 0
697602, 0
697732, 0
697821, 0
697924, 0
698020, 0
698727, 0
699045, 0
700083, 0
700217, 0
700378, 0
700420, 0
700741, 0
700894, 0
700978, 0
701016, 0
701380, 0
701395, 0
701487, 0
701602, 0
702071, 0
702229, 0
703015, 0
703169, 0
703190, 0
703695, 0
703841, 0
703897, 0
704459, 0
704726, 0
704880, 0
705702, 0
705833, 0
705950, 0
706187, 0
707131, 0
707230, 0
707674, 0
707775, 0
708910, 0
710002, 0
710196, 0
710224, 0
710402, 0
710444, 0
710702, 0
710750, 0
710792, 0
711324, 0
711392, 0
711429, 0
711442, 0
711681, 0
711851, 0
711865, 0
712092, 0
712208, 0
712216, 0
712275, 0
712858, 0
713097, 0
713240, 0
713283, 0
713478, 0
713605, 0
713736, 0
713750, 0
713759, 0
713769, 0
713811, 0
714026, 0
714038, 0
714233, 0
714627, 0
714648, 0
714849, 0
714926, 0
715772, 0
715840, 0
715898, 0
716128, 0
716660, 0
716828, 0
716891, 0
717161, 0
717328, 0
717403, 0
717438, 0
717464, 0
718104, 0
718327, 0
718515, 0
718820, 0
719116, 0
719335, 0
719872, 0
720065, 0
720101, 0
720850, 0
720852, 0
721748, 0
722031, 0
722039, 0
722080, 0
722207, 0
722537, 0
722915, 0
722977, 0
723415, 0
723957, 0
724091, 0
724120, 0
724190, 0
724559, 0
724631, 0
724691, 0
724972, 0
724990, 0
725309, 0
725572, 0
725839, 0
725873, 0
725894, 0
725929, 0
726002, 0
726643, 0
727406, 0
728180, 0
728499, 0
728816, 0
729027, 0
729795, 0
729798, 0
730237, 0
730436, 0
730578, 0
730685, 0
731283, 0
731339, 0
731498, 0
731615, 0
731694, 0
731868, 0
732167, 0
732424, 0
732595, 0
732635, 0
733336, 0
733750, 0
733810, 0
733999, 0
734022, 0
734034, 0
734051, 0
734235, 0
734344, 0
734408, 0
734487, 0
734603, 0
734834, 0
735124, 0
735198, 0
735397, 0
735437, 0
735467, 0
735778, 0
735795, 0
736085, 0
736280, 0
736495, 0
736643, 0
736717, 0
736808, 0
737462, 0
737504, 0
737784, 0
737889, 0
737904, 0
738101, 0
738365, 0
738469, 0
738581, 0
739549, 0
740703, 0
740704, 0
740781, 0
740807, 0
740992, 0
741032, 0
741051, 0
741230, 0
741290, 0
741585, 0
742015, 0
742194, 0
742509, 0
742530, 0
742747, 0
742999, 0
743252, 0
744073, 0
744420, 0
744796, 0
744961, 0
745665, 0
745932, 0
745984, 0
746002, 0
746051, 0
746084, 0
746177, 0
746335, 0
746340, 0
746354, 0
746408, 0
746445, 0
746501, 0
746845, 0
747115, 0
747544, 0
747682, 0
747765, 0
747865, 0
747922, 0
748991, 0
749074, 0
749177, 0
749288, 0
749654, 0
749688, 0
749737, 0
750464, 0
750568, 0
750620, 0
750632, 0
750686, 0
750855, 0
751058, 0
751259, 0
751342, 0
751472, 0
751592, 0
751761, 0
752018, 0
752042, 0
752230, 0
752290, 0
753409, 0
753447, 0
753646, 0
753669, 0
753722, 0
753829, 0
754226, 0
754229, 0
754340, 0
754539, 0
754551, 0
754552, 0
754591, 0
755096, 0
755180, 0
755887, 0
755899, 0
756030, 0
756200, 0
756260, 0
756395, 0
756426, 0
756465, 0
756616, 0
756617, 0
756680, 0
756775, 0
756861, 0
757418, 0
757424, 0
757522, 0
757700, 0
757808, 0
758603, 0
758997, 0
759289, 0
759683, 0
760011, 0
760589, 0
761235, 0
761436, 0
761876, 0
761954, 0
762004, 0
762016, 0
762248, 0
762677, 0
763211, 0
763322, 0
763411, 0
764632, 0
764714, 0
764875, 0
764888, 0
764965, 0
765275, 0
765487, 0
765895, 0
766043, 0
766045, 0
766567, 0
766874, 0
766934, 0
767234, 0
767440, 0
767506, 0
767797, 0
767800, 0
767856, 0
768035, 0
768259, 0
768641, 0
768722, 0
768839, 0
768906, 0
769057, 0
769308, 0
769480, 0
769549, 0
769550, 0
769633, 0
769800, 0
770297, 0
770300, 0
770326, 0
770378, 0
770421, 0
770563, 0
770968, 0
771302, 0
771381, 0
772080, 0
772309, 0
772452, 0
772560, 0
772609, 0
772610, 0
772674, 0
772728, 0
772738, 0
773069, 0
773107, 0
773113, 0
773453, 0
773600, 0
774103, 0
774305, 0
774603, 0
775146, 0
775350, 0
775390, 0
776283, 0
776359, 0
776408, 0
776983, 0
777166, 0
777213, 0
777355, 0
777377, 0
777532, 0
777683, 0
777799, 0
778132, 0
778434, 0
778959, 0
779003, 0
779139, 0
779247, 0
779507, 0
779532, 0
779577, 0
779762, 0
779982, 0
779991, 0
780032, 0
780415, 0
780521, 0
780548, 0
780707, 0
780768, 0
781105, 0
781109, 0
781177, 0
781488, 0
781897, 0
782064, 0
782285, 0
782483, 0
782722, 0
782727, 0
782927, 0
783034, 0
783174, 0
783182, 0
783395, 0
783591, 0
783697, 0
783764, 0
783774, 0
783867, 0
783964, 0
784179, 0
784374, 0
784410, 0
784445, 0
784745, 0
784784, 0
784815, 0
784859, 0
784935, 0
785078, 0
785081, 0
785279, 0
785666, 0
785713, 0
785717, 0
785990, 0
786001, 0
786055, 0
786173, 0
786190, 0
786262, 0
786270, 0
786276, 0
786375, 0
786479, 0
786763, 0
786772, 0
786906, 0
787432, 0
787495, 0
787701, 0
788316, 0
788818, 0
788967, 0
789581, 0
789622, 0
790110, 0
790738, 0
790895, 0
790942, 0
791138, 0
791314, 0
791335, 0
791459, 0
791513, 0
791678, 0
792505, 0
792640, 0
792716, 0
792771, 0
792952, 0
792987, 0
793104, 0
793148, 0
793154, 0
793275, 0
793640, 0
793828, 0
793909, 0
794018, 0
794038, 0
794213, 0
794249, 0
794287, 0
794323, 0
794368, 0
794833, 0
795144, 0
795290, 0
795440, 0
795471, 0
795896, 0
796166, 0
796237, 0
796485, 0
796665, 0
796854, 0
796962, 0
796976, 0
797452, 0
797537, 0
797910, 0
798060, 0
798223, 0
798235, 0
798526, 0
798542, 0
798738, 0
798787, 0
798933, 0
799063, 0
799248, 0
799273, 0
799330, 0
799573, 0
799667, 0
799689, 0
799782, 0
800161, 0
800429, 0
800650, 0
801258, 0
801632, 0
801735, 0
801782, 0
801801, 0
801902, 0
802283, 0
802363, 0
802562, 0
802613, 0
802662, 0
802800, 0
803034, 0
803100, 0
803430, 0
803577, 0
803624, 0
803699, 0
803771, 0
804316, 0
804356, 0
805321, 0
805483, 0
805561, 0
805886, 0
806054, 0
806152, 0
806192, 0
806415, 0
806417, 0
806481, 0
806553, 0
806598, 0
806789, 0
806972, 0
807316, 0
807508, 0
807526, 0
807763, 0
808001, 0
808377, 0
808521, 0
808661, 0
808908, 0
809009, 0
809071, 0
809244, 0
809276, 0
809919, 0
809950, 0
809997, 0
810005, 0
810034, 0
810075, 0
810150, 0
810356, 0
810358, 0
810375, 0
810526, 0
810629, 0
810638, 0
810675, 0
810729, 0
810796, 0
810933, 0
811251, 0
811458, 0
811538, 0
811879, 0
812001, 0
812245, 0
812250, 0
812259, 0
812296, 0
812359, 0
812364, 0
812450, 0
812515, 0
812557, 0
812888, 0
812991, 0
813136, 0
813274, 0
813534, 0
813555, 0
813662, 0
813811, 0
813838, 0
813851, 0
813927, 0
813976, 0
814051, 0
814081, 0
814180, 0
814198, 0
814243, 0
814249, 0
814388, 0
814469, 0
814605, 0
814694, 0
814695, 0
814872, 0
814931, 0
815047, 0
815050, 0
815174, 0
815326, 0
815430, 0
815533, 0
815545, 0
815659, 0
815726, 0
815744, 0
815908, 0
815955, 0
816116, 0
816282, 0
816343, 0
816347, 0
816390, 0
816610, 0
816653, 0
816773, 0
816876, 0
817162, 0
817258, 0
817552, 0
817775, 0
818261, 0
818280, 0
818313, 0
818342, 0
818424, 0
818460, 0
818672, 0
818694, 0
818701, 0
818703, 0
818723, 0
818799, 0
818929, 0
819298, 0
819545, 0
819571, 0
819579, 0
819867, 0
820015, 0
820017, 0
820208, 0
820234, 0
820539, 0
820573, 0
820855, 0
821043, 0
821096, 0
821121, 0
821552, 0
821600, 0
821630, 0
821963, 0
822493, 0
823072, 0
823152, 0
823214, 0
823244, 0
823306, 0
823373, 0
823392, 0
823466, 0
823724, 0
823747, 0
824062, 0
824220, 0
824286, 0
824478, 0
824615, 0
824659, 0
825235, 0
826246, 0
826458, 0
826516, 0
826521, 0
826813, 0
826891, 0
827018, 0
827091, 0
827127, 0
827135, 0
827328, 0
827506, 0
827571, 0
827573, 0
827673, 0
827709, 0
827771, 0
827861, 0
827911, 0
827914, 0
828006, 0
828049, 0
828312, 0
828348, 0
828813, 0
828847, 0
828953, 0
829082, 0
829194, 0
829223, 0
829336, 0
829341, 0
829371, 0
829393, 0
830277, 0
830464, 0
830474, 0
830749, 0
831055, 0
831125, 0
831156, 0
831198, 0
831712, 0
832303, 0
832580, 0
832818, 0
832969, 0
832994, 0
833025, 0
833095, 0
833278, 0
833306, 0
833468, 0
833540, 0
833648, 0
833746, 0
833781, 0
833792, 0
834329, 0
834398, 0
834535, 0
834778, 0
835074, 0
835311, 0
835633, 0
835744, 0
836073, 0
836116, 0
836488, 0
836662, 0
836980, 0
837428, 0
837458, 0
838636, 0
838659, 0
838752, 0
838787, 0
838890, 0
839081, 0
839418, 0
839460, 0
839497, 0
839541, 0
839551, 0
839628, 0
840029, 0
840031, 0
840105, 0
840472, 0
840480, 0
840944, 0
841035, 0
841100, 0
841672, 0
841709, 0
841849, 0
841969, 0
842137, 0
842431, 0
842586, 0
842810, 0
844186, 0
844627, 0
844817, 0
845142, 0
845758, 0
845964, 0
846168, 0
846183, 0
846326, 0
846399, 0
846463, 0
846962, 0
847178, 0
847595, 0
847825, 0
848134, 0
848432, 0
848538, 0
848655, 0
848675, 0
848996, 0
849120, 0
849536, 0
850390, 0
850456, 0
850649, 0
851042, 0
851534, 0
852436, 0
853134, 0
853234, 0
853514, 0
853818, 0
853863, 0
854020, 0
854046, 0
854180, 0
854627, 0
855268, 0
855352, 0
856345, 0
856419, 0
857037, 0
857336, 0
857471, 0
857750, 0
858102, 0
858888, 0
858921, 0
858938, 0
860169, 0
861180, 0
861575, 0
861762, 0
861846, 0
861892, 0
862279, 0
862917, 0
863203, 0
863741, 0
864167, 0
864576, 0
864756, 0
865174, 0
865448, 0
865812, 0
865825, 0
865831, 0
865842, 0
866041, 0
866095, 0
866515, 0
866768, 0
867477, 0
868034, 0
868251, 0
868598, 0
868805, 0
869114, 0
869145, 0
869453, 0
869617, 0
869746, 0
869797, 0
870377, 0
870613, 0
870846, 0
871344, 0
871429, 0
871431, 0
871488, 0
871593, 0
871805, 0
872014, 0
872067, 0
872184, 0
872217, 0
872377, 0
872522, 0
873314, 0
873351, 0
873468, 0
873571, 0
873594, 0
873691, 0
873738, 0
873990, 0
874244, 0
874662, 0
874907, 0
875043, 0
875497, 0
875788, 0
875978, 0
876634, 0
876649, 0
876854, 0
876888, 0
876980, 0
877589, 0
877882, 0
878162, 0
878483, 0
878713, 0
878774, 0
878951, 0
879194, 0
879251, 0
879264, 0
880181, 0
880371, 0
880588, 0
880628, 0
881034, 0
881146, 0
881164, 0
881296, 0
881463, 0
881490, 0
882289, 0
882336, 0
882623, 0
882759, 0
882935, 0
882998, 0
883038, 0
883522, 0
883675, 0
883791, 0
883931, 0
883948, 0
883960, 0
883975, 0
884050, 0
884088, 0
884101, 0
884222, 0
884237, 0
884240, 0
884279, 0
884299, 0
884404, 0
884483, 0
884793, 0
884799, 0
884839, 0
884926, 0
884981, 0
885023, 0
885056, 0
885119, 0
885130, 0
885324, 0
885429, 0
885437, 0
885539, 0
885670, 0
885855, 0
885993, 0
886122, 0
886162, 0
886706, 0
887073, 0
887505, 0
887524, 0
887625, 0
887776, 0
887925, 0
888334, 0
888773, 0
888808, 0
888858, 0
889198, 0
889345, 0
889482, 0
889670, 0
890105, 0
890231, 0
890421, 0
890498, 0
890700, 0
891118, 0
891227, 0
891371, 0
891783, 0
892050, 0
892052, 0
892180, 0
892206, 0
892363, 0
893044, 0
893180, 0
893320, 0
893616, 0
893798, 0
893801, 0
893907, 0
893932, 0
894010, 0
894133, 0
894291, 0
894565, 0
894567, 0
894773, 0
895057, 0
895129, 0
895376, 0
895447, 0
895512, 0
895653, 0
895823, 0
895975, 0
896026, 0
896167, 0
896293, 0
896300, 0
896301, 0
896368, 0
896375, 0
896376, 0
896403, 0
896418, 0
896558, 0
896921, 0
896947, 0
896991, 0
897025, 0
897130, 0
897134, 0
897393, 0
897517, 0
897620, 0
897744, 0
898243, 0
898287, 0
898297, 0
898598, 0
898656, 0
898742, 0
898764, 0
898829, 0
899034, 0
899045, 0
899323, 0
899574, 0
900064, 0
900327, 0
900362, 0
900448, 0
900950, 0
900955, 0
901240, 0
901243, 0
901266, 0
901469, 0
901677, 0
901842, 0
902434, 0
902517, 0
902948, 0
902961, 0
903337, 0
903497, 0
904082, 0
904162, 0
904287, 0
904485, 0
904748, 0
904790, 0
905202, 0
905392, 0
905654, 0
905695, 0
906399, 0
906494, 0
906902, 0
907135, 0
907199, 0
907306, 0
907620, 0
908321, 0
908346, 0
908397, 0
908514, 0
908595, 0
908745, 0
909141, 0
909211, 0
909225, 0
909372, 0
909799, 0
909892, 0
909913, 0
909948, 0
910117, 0
910857, 0
910978, 0
911042, 0
911509, 0
912015, 0
912147, 0
912491, 0
912739, 0
913116, 0
913162, 0
913232, 0
913625, 0
913752, 0
913927, 0
914193, 0
914690, 0
914781, 0
914788, 0
914885, 0
915078, 0
915218, 0
915348, 0
915551, 0
915603, 0
915689, 0
915962, 0
915987, 0
916190, 0
916280, 0
916299, 0
916355, 0
916796, 0
917080, 0
917333, 0
918720, 0
919095, 0
919149, 0
919163, 0
919482, 0
919523, 0
919698, 0
920442, 0
920462, 0
920967, 0
921079, 0
921202, 0
921288, 0
921309, 0
921498, 0
922101, 0
922368, 0
922495, 0
922938, 0
922971, 0
923227, 0
923375, 0
923467, 0
923511, 0
923522, 0
924157, 0
925314, 0
925331, 0
925663, 0
925822, 0
925947, 0
925975, 0
926043, 0
926107, 0
926606, 0
926885, 0
926937, 0
927203, 0
927947, 0
928636, 0
928639, 0
928748, 0
928775, 0
928922, 0
928931, 0
929011, 0
929022, 0
929110, 0
929197, 0
929487, 0
929594, 0
930282, 0
930311, 0
930673, 0
931337, 0
932117, 0
932689, 0
933096, 0
933232, 0
934280, 0
934666, 0
934792, 0
935284, 0
935596, 0
935675, 0
935866, 0
936376, 0
936816, 0
936949, 0
937091, 0
937117, 0
937588, 0
937908, 0
939231, 0
939723, 0
939808, 0
940079, 0
940279, 0
940326, 0
940346, 0
940437, 0
940487, 0
940581, 0
940646, 0
941663, 0
941979, 0
942304, 0
942541, 0
942668, 0
943923, 0
943930, 0
944123, 0
944349, 0
944432, 0
944450, 0
944469, 0
944507, 0
944519, 0
944525, 0
944828, 0
944842, 0
944927, 0
944988, 0
945106, 0
945358, 0
945367, 0
945401, 0
945523, 0
945661, 0
945792, 0
945901, 0
946070, 0
946253, 0
946418, 0
946423, 0
946433, 0
946595, 0
946715, 0
946941, 0
946989, 0
946993, 0
947099, 0
947794, 0
947862, 0
947960, 0
948155, 0
948173, 0
948535, 0
948735, 0
948920, 0
948950, 0
948990, 0
949087, 0
949135, 0
949182, 0
949406, 0
949411, 0
949473, 0
949618, 0
949756, 0
949828, 0
950000, 0
950394, 0
950480, 0
950704, 0
950740, 0
950868, 0
950871, 0
950953, 0
950989, 0
951019, 0
951082, 0
951093, 0
951121, 0
951440, 0
951609, 0
951623, 0
951632, 0
951766, 0
952005, 0
952133, 0
952578, 0
952741, 0
952992, 0
953089, 0
953340, 0
953378, 0
953609, 0
953624, 0
953910, 0
954592, 0
954620, 0
954781, 0
954919, 0
954956, 0
954961, 0
954991, 0
955001, 0
955002, 0
955143, 0
955164, 0
955184, 0
955313, 0
955415, 0
955777, 0
955782, 0
956052, 0
956143, 0
956358, 0
956515, 0
956564, 0
956766, 0
956776, 0
956881, 0
957519, 0
958274, 0
958293, 0
958937, 0
958981, 0
959060, 0
959260, 0
959459, 0
959672, 0
959681, 0
959779, 0
960543, 0
960982, 0
961247, 0
961398, 0
961658, 0
961712, 0
962250, 0
962431, 0
962528, 0
962646, 0
962680, 0
962889, 0
962936, 0
963143, 0
963246, 0
963430, 0
963589, 0
964070, 0
964101, 0
964263, 0
964269, 0
964385, 0
964407, 0
964437, 0
964602, 0
964691, 0
964697, 0
964883, 0
965475, 0
965757, 0
966074, 0
966386, 0
966700, 0
966929, 0
967107, 0
967240, 0
967303, 0
967873, 0
968108, 0
968821, 0
968838, 0
969252, 0
969309, 0
969455, 0
969826, 0
969896, 0
970038, 0
970343, 0
970397, 0
970806, 0
970830, 0
970864, 0
970918, 0
971191, 0
971258, 0
971291, 0
971375, 0
971400, 0
971428, 0
971488, 0
971540, 0
971560, 0
971590, 0
971678, 0
971820, 0
972000, 0
972012, 0
972026, 0
972063, 0
972100, 0
972138, 0
972245, 0
972312, 0
972348, 0
972495, 0
972514, 0
972518, 0
972627, 0
972750, 0
972785, 0
972857, 0
973276, 0
973420, 0
973445, 0
973559, 0
973753, 0
974066, 0
974205, 0
974329, 0
974440, 0
974602, 0
974814, 0
974857, 0
974877, 0
974968, 0
975334, 0
975412, 0
975420, 0
975530, 0
975560, 0
975892, 0
975951, 0
976136, 0
976899, 0
977607, 0
977706, 0
977758, 0
977918, 0
978004, 0
978206, 0
978312, 0
978390, 0
978415, 0
978753, 0
978754, 0
978915, 0
979050, 0
979055, 0
979075, 0
979574, 0
979804, 0
979937, 0
980206, 0
980358, 0
980504, 0
980939, 0
980974, 0
982034, 0
982243, 0
982569, 0
982610, 0
982740, 0
983186, 0
983239, 0
983245, 0
983412, 0
983678, 0
983910, 0
985070, 0
985107, 0
985578, 0
985706, 0
986001, 0
986601, 0
986869, 0
987024, 0
987614, 0
987648, 0
988013, 0
988209, 0
988243, 0
988252, 0
988483, 0
988622, 0
989193, 0
989657, 0
989666, 0
989685, 0
989784, 0
989786, 0
990069, 0
990137, 0
990157, 0
991100, 0
991204, 0
991272, 0
991533, 0
991617, 0
991692, 0
992475, 0
992788, 0
993153, 0
993201, 0
993206, 0
993270, 0
993704, 0
994253, 0
994281, 0
994352, 0
994482, 0
994595, 0
994613, 0
995016, 0
995797, 0
995954, 0
996017, 0
996139, 0
996197, 0
996241, 0
996354, 0
996703, 0
996713, 0
996721, 0
996907, 0
996914, 0
996924, 0
997066, 0
997108, 0
997205, 0
997547, 0
997646, 0
997919, 0
997987, 0
998145, 0
998328, 0
998629, 0
998897, 0
998905, 0
999147, 0
999253, 0
999432, 0
999874, 0
999995, 0
1000238, 0
1000311, 0
1000409, 0
1000537, 0
1000547, 0
1000895, 0
1000942, 0
1000985, 0
1001000, 0
1001109, 0
1001422, 0
1001471, 0
1002038, 0
1002189, 0
1002248, 0
1002391, 0
1002551, 0
1002825, 0
1002905, 0
1003596, 0
1003727, 0
1003858, 0
1004093, 0
1004156, 0
1004342, 0
1004657, 0
1004825, 0
1004981, 0
1005898, 0
1006025, 0
1006122, 0
1006425, 0
1006740, 0
1007000, 0
1007648, 0
1007676, 0
1007964, 0
1008083, 0
1008499, 0
1008652, 0
1008676, 0
1008794, 0
1008986, 0
1009372, 0
1009785, 0
1009947, 0
1009952, 0
1010173, 0
1010412, 0
1010572, 0
1010968, 0
1011037, 0
1011044, 0
1011197, 0
1011688, 0
1012137, 0
1012304, 0
1012491, 0
1012616, 0
1013629, 0
1015113, 0
1015406, 0
1015926, 0
1015955, 0
1016147, 0
1016149, 0
1016370, 0
1016530, 0
1016641, 0
1017065, 0
1017199, 0
1017365, 0
1017566, 0
1017568, 0
1017655, 0
1017674, 0
1018525, 0
1018533, 0
1019005, 0
1019098, 0
1019107, 0
1019272, 0
1019327, 0
1019466, 0
1019550, 0
1019727, 0
1019885, 0
1020222, 0
1020822, 0
1020862, 0
1020963, 0
1020973, 0
1021502, 0
1021719, 0
1021893, 0
1021938, 0
1022059, 0
1022103, 0
1022254, 0
1022312, 0
1022400, 0
1022448, 0
1022670, 0
1022722, 0
1022736, 0
1023071, 0
1023116, 0
1023146, 0
1023658, 0
1023941, 0
1023962, 0
1024111, 0
1024184, 0
1024528, 0
1025747, 0
1026036, 0
1026073, 0
1026713, 0
1026718, 0
1027002, 0
1027221, 0
1027228, 0
1027262, 0
1027284, 0
1027389, 0
1027429, 0
1027557, 0
1027583, 0
1027814, 0
1027940, 0
1028271, 0
1028285, 0
1028497, 0
1028708, 0
1029397, 0
1029905, 0
1030320, 0
1030417, 0
1030524, 0
1030694, 0
1030850, 0
1030882, 0
1031289, 0
1031374, 0
1031894, 0
1032041, 0
1032097, 0
1032620, 0
1032722, 0
1032968, 0
1033211, 0
1033287, 0
1033645, 0
1034815, 0
1034942, 0
1035409, 0
1035495, 0
1035511, 0
1035562, 0
1036388, 0
1036430, 0
1036510, 0
1036590, 0
1036997, 0
1038233, 0
1038880, 0
1039008, 0
1039099, 0
1039230, 0
1039338, 0
1039436, 0
1039797, 0
1039966, 0
1040083, 0
1040664, 0
1040729, 0
1040762, 0
1040791, 0
1041069, 0
1041137, 0
1041393, 0
1041451, 0
1042058, 0
1042097, 0
1042309, 0
1042329, 0
1043229, 0
1043259, 0
1043324, 0
1043482, 0
1043554, 0
1043863, 0
1044448, 0
1044643, 0
1044853, 0
1045276, 0
1045460, 0
1046018, 0
1046221, 0
1046249, 0
1046708, 0
1046710, 0
1047107, 0
1047174, 0
1047226, 0
1047593, 0
1047693, 0
1047980, 0
1048070, 0
1048381, 0
1048402, 0
1048538, 0
1048594, 0
1049189, 0
1049227, 0
1049236, 0
1049334, 0
1049382, 0
1049392, 0
1049522, 0
1049602, 0
1049859, 0
1050091, 0
1050112, 0
1050335, 0
1050360, 0
1050471, 0
1050506, 0
1050575, 0
1050635, 0
1050652, 0
1050702, 0
1050990, 0
1051650, 0
1052534, 0
1053285, 0
1053590, 0
1054034, 0
1054756, 0
1055295, 0
1055461, 0
1056077, 0
1056113, 0
1056117, 0
1056281, 0
1056354, 0
1056547, 0
1056578, 0
1056639, 0
1056732, 0
1056775, 0
1056889, 0
1056900, 0
1056972, 0
1057074, 0
1057104, 0
1057180, 0
1057245, 0
1057392, 0
1057611, 0
1057715, 0
1057728, 0
1057802, 0
1058008, 0
1058067, 0
1058092, 0
1058269, 0
1058435, 0
1058462, 0
1059287, 0
1059503, 0
1059506, 0
1059689, 0
1059756, 0
1060288, 0
1060298, 0
1060444, 0
1061140, 0
1061388, 0
1061641, 0
1062108, 0
1062171, 0
1062191, 0
1062204, 0
1062208, 0
1062222, 0
1062277, 0
1062407, 0
1062506, 0
1062533, 0
1062569, 0
1062660, 0
1062702, 0
1063386, 0
1063526, 0
1063747, 0
1063796, 0
1063846, 0
1064038, 0
1064287, 0
1064327, 0
1064381, 0
1064393, 0
1064487, 0
1064637, 0
1065653, 0
1065709, 0
1066498, 0
1066536, 0
1066576, 0
1066634, 0
1066646, 0
1066896, 0
1067818, 0
1067840, 0
1067862, 0
1067881, 0
1068049, 0
1068112, 0
1068217, 0
1068276, 0
1068648, 0
1069257, 0
1069389, 0
1069824, 0
1070234, 0
1070572, 0
1070659, 0
1071344, 0
1071601, 0
1071674, 0
1071722, 0
1071738, 0
1072170, 0
1072439, 0
1072527, 0
1072984, 0
1073073, 0
1073789, 0
1073793, 0
1074090, 0
1074233, 0
1074285, 0
1074314, 0
1074374, 0
1074412, 0
1074433, 0
1074818, 0
1074895, 0
1074901, 0
1075141, 0
1075740, 0
1075769, 0
1076193, 0
1076255, 0
1076272, 0
1076477, 0
1076773, 0
1076854, 0
1077097, 0
1077110, 0
1077197, 0
1077199, 0
1077200, 0
1077214, 0
1077349, 0
1077370, 0
1077381, 0
1077411, 0
1077419, 0
1077656, 0
1078599, 0
1078882, 0
1079090, 0
1079109, 0
1079123, 0
1079207, 0
1079247, 0
1079325, 0
1079419, 0
1079515, 0
1079521, 0
1079623, 0
1079638, 0
1079661, 0
1079931, 0
1080004, 0
1080319, 0
1080497, 0
1080590, 0
1080905, 0
1080970, 0
1081055, 0
1081058, 0
1081071, 0
1081271, 0
1081372, 0
1081718, 0
1082617, 0
1083041, 0
1083042, 0
1083126, 0
1083192, 0
1083871, 0
1084124, 0
1084320, 0
1084354, 0
1084368, 0
1084414, 0
1084608, 0
1084760, 0
1084890, 0
1084942, 0
1085327, 0
1085497, 0
1085584, 0
1085759, 0
1085847, 0
1086298, 0
1086300, 0
1086726, 0
1086740, 0
1086998, 0
1087080, 0
1088251, 0
1088275, 0
1089311, 0
1089422, 0
1089660, 0
1090674, 0
1090827, 0
1090837, 0
1091610, 0
1091931, 0
1092035, 0
1092081, 0
1092453, 0
1092741, 0
1092763, 0
1093267, 0
1093486, 0
1094029, 0
1094054, 0
1094248, 0
1094600, 0
1094641, 0
1094886, 0
1094935, 0
1095052, 0
1095266, 0
1096409, 0
1096525, 0
1096627, 0
1096886, 0
1096971, 0
1097076, 0
1097077, 0
1097122, 0
1097200, 0
1098042, 0
1098237, 0
1098244, 0
1098470, 0
1098595, 0
1098634, 0
1098651, 0
1099129, 0
1099418, 0
1099535, 0
1099694, 0
1099887, 0
1100131, 0
1100263, 0
1100613, 0
1101456, 0
1102054, 0
1102089, 0
1102475, 0
1103444, 0
1103666, 0
1103837, 0
1104059, 0
1104219, 0
1104301, 0
1104422, 0
1104684, 0
1105068, 0
1105181, 0
1105586, 0
1106174, 0
1106555, 0
1106996, 0
1107010, 0
1107298, 0
1107628, 0
1107928, 0
1108594, 0
1108693, 0
1109288, 0
1109350, 0
1109476, 0
1110350, 0
1110363, 0
1110642, 0
1110658, 0
1110829, 0
1111184, 0
1111927, 0
1112058, 0
1112372, 0
1112486, 0
1112805, 0
1113010, 0
1113056, 0
1113078, 0
1113151, 0
1113186, 0
1113338, 0
1113716, 0
1114227, 0
1114387, 0
1114632, 0
1115149, 0
1115367, 0
1115980, 0
1116051, 0
1116062, 0
1116087, 0
1116258, 0
1116500, 0
1116708, 0
1117061, 0
1117345, 0
1117467, 0
1117984, 0
1118161, 0
1118306, 0
1118403, 0
1118642, 0
1118788, 0
1119073, 0
1119330, 0
1119486, 0
1119519, 0
1119681, 0
1119929, 0
1120273, 0
1120584, 0
1120777, 0
1121653, 0
1121705, 0
1121901, 0
1122085, 0
1122199, 0
1122736, 0
1122862, 0
1123016, 0
1123287, 0
1123388, 0
1123498, 0
1123562, 0
1123813, 0
1124214, 0
1124265, 0
1124358, 0
1124767, 0
1124893, 0
1125073, 0
1125411, 0
1125623, 0
1126088, 0
1126115, 0
1126117, 0
1126186, 0
1126715, 0
1127007, 0
1127383, 0
1127436, 0
1127457, 0
1127634, 0
1127679, 0
1127785, 0
1127790, 0
1127884, 0
1128049, 0
1128265, 0
1128579, 0
1128601, 0
1129675, 0
1129740, 0
1129849, 0
1130081, 0
1130162, 0
1130707, 0
1130874, 0
1130960, 0
1131706, 0
1131711, 0
1131717, 0
1131732, 0
1132589, 0
1133024, 0
1133029, 0
1133060, 0
1133169, 0
1133202, 0
1134076, 0
1134111, 0
1134450, 0
1134550, 0
1134656, 0
1135173, 0
1135466, 0
1135487, 0
1135563, 0
1135652, 0
1135729, 0
1135873, 0
1135978, 0
1136376, 0
1136760, 0
1136961, 0
1137089, 0
1137155, 0
1137383, 0
1137655, 0
1137667, 0
1137701, 0
1137757, 0
1137856, 0
1138121, 0
1138194, 0
1138242, 0
1138284, 0
1138315, 0
1138414, 0
1138563, 0
1138650, 0
1138656, 0
1138659, 0
1138926, 0
1138938, 0
1138986, 0
1139085, 0
1139239, 0
1139403, 0
1139460, 0
1139499, 0
1139519, 0
1139529, 0
1139559, 0
1139647, 0
1139653, 0
1139680, 0
1139684, 0
1140407, 0
1141133, 0
1141193, 0
1141226, 0
1141268, 0
1141278, 0
1141709, 0
1141789, 0
1142030, 0
1142443, 0
1142977, 0
1143030, 0
1143058, 0
1143464, 0
1143486, 0
1143492, 0
1143506, 0
1143581, 0
1143621, 0
1143659, 0
1143666, 0
1143720, 0
1143832, 0
1143841, 0
1143897, 0
1143974, 0
1144026, 0
1144034, 0
1144043, 0
1144643, 0
1144676, 0
1144981, 0
1145107, 0
1145168, 0
1145407, 0
1145448, 0
1145762, 0
1145878, 0
1146240, 0
1146511, 0
1146613, 0
1146751, 0
1146991, 0
1146993, 0
1147161, 0
1147938, 0
1147939, 0
1148208, 0
1148237, 0
1148419, 0
1148507, 0
1148618, 0
1148785, 0
1148968, 0
1149670, 0
1149772, 0
1149822, 0
1150069, 0
1150083, 0
1150327, 0
1150400, 0
1150464, 0
1150467, 0
1150595, 0
1150832, 0
1151090, 0
1151224, 0
1151389, 0
1151473, 0
1151846, 0
1152205, 0
1152830, 0
1152948, 0
1153091, 0
1153126, 0
1153203, 0
1153395, 0
1153955, 0
1154083, 0
1154125, 0
1154847, 0
1155358, 0
1155778, 0
1155880, 0
1155981, 0
1155995, 0
1156315, 0
1156408, 0
1156525, 0
1156677, 0
1156776, 0
1156829, 0
1156839, 0
1156854, 0
1157961, 0
1158074, 0
1158162, 0
1158641, 0
1158732, 0
1158922, 0
1159076, 0
1159117, 0
1159882, 0
1160345, 0
1160382, 0
1160416, 0
1161033, 0
1161048, 0
1161775, 0
1161992, 0
1162151, 0
1162196, 0
1163260, 0
1163858, 0
1164320, 0
1164727, 0
1165256, 0
1165778, 0
1165830, 0
1165970, 0
1166598, 0
1166618, 0
1167057, 0
1167203, 0
1167618, 0
1168257, 0
1168344, 0
1168590, 0
1168619, 0
1168894, 0
1169135, 0
1169609, 0
1169690, 0
1170202, 0
1170259, 0
1170318, 0
1170565, 0
1170672, 0
1170689, 0
1170735, 0
1170939, 0
1171150, 0
1171232, 0
1172479, 0
1172503, 0
1172716, 0
1172787, 0
1172873, 0
1173003, 0
1173108, 0
1173254, 0
1173777, 0
1174268, 0
1174417, 0
1174438, 0
1174499, 0
1174524, 0
1174674, 0
1174938, 0
1174982, 0
1175084, 0
1175246, 0
1175547, 0
1175583, 0
1175840, 0
1175931, 0
1175992, 0
1176001, 0
1176022, 0
1176244, 0
1176300, 0
1176398, 0
1176473, 0
1176627, 0
1176695, 0
1176789, 0
1176802, 0
1177008, 0
1177191, 0
1177389, 0
1177528, 0
1177695, 0
1177763, 0
1177866, 0
1178013, 0
1178038, 0
1178468, 0
1178486, 0
1178508, 0
1178635, 0
1178992, 0
1178993, 0
1179151, 0
1179171, 0
1179172, 0
1179188, 0
1179314, 0
1179344, 0
1179446, 0
1179644, 0
1179650, 0
1179669, 0
1179928, 0
1180083, 0
1180093, 0
1180406, 0
1180451, 0
1180453, 0
1180755, 0
1180768, 0
1180942, 0
1180977, 0
1181369, 0
1181466, 0
1181668, 0
1181825, 0
1182141, 0
1182400, 0
1182640, 0
1182706, 0
1182875, 0
1182880, 0
1183285, 0
1183884, 0
1184046, 0
1184084, 0
1184261, 0
1184516, 0
1184564, 0
1185182, 0
1185281, 0
1185534, 0
1185794, 0
1185883, 0
1186106, 0
1186114, 0
1186177, 0
1186202, 0
1186313, 0
1186504, 0
1186664, 0
1186685, 0
1186926, 0
1186965, 0
1187832, 0
1187859, 0
1188008, 0
1188078, 0
1189304, 0
1189365, 0
1189580, 0
1189687, 0
1189726, 0
1189734, 0
1189822, 0
1189862, 0
1190149, 0
1190257, 0
1190315, 0
1190422, 0
1190644, 0
1191283, 0
1191293, 0
1191327, 0
1191439, 0
1191809, 0
1191885, 0
1191890, 0
1192338, 0
1193110, 0
1193587, 0
1194135, 0
1194143, 0
1194197, 0
1194270, 0
1194274, 0
1194320, 0
1194448, 0
1194469, 0
1194634, 0
1194716, 0
1194789, 0
1195273, 0
1195796, 0
1196537, 0
1196940, 0
1197219, 0
1197361, 0
1197653, 0
1197796, 0
1198527, 0
1198540, 0
1198691, 0
1198758, 0
1198916, 0
1199156, 0
1199166, 0
1199600, 0
1199713, 0
1200187, 0
1200200, 0
1200526, 0
1200548, 0
1201301, 0
1201896, 0
1202636, 0
1202676, 0
1202737, 0
1202738, 0
1202760, 0
1202886, 0
1203015, 0
1203316, 0
1203709, 0
1203748, 0
1204144, 0
1204204, 0
1204503, 0
1205070, 0
1205328, 0
1205334, 0
1205549, 0
1206319, 0
1206383, 0
1206784, 0
1206882, 0
1206938, 0
1206969, 0
1207104, 0
1207153, 0
1207227, 0
1207345, 0
1207375, 0
1207429, 0
1207534, 0
1207584, 0
1208091, 0
1208756, 0
1208943, 0
1208977, 0
1209072, 0
1209167, 0
1209709, 0
1209800, 0
1210726, 0
1210973, 0
1211002, 0
1211029, 0
1211172, 0
1211367, 0
1211657, 0
1211884, 0
1212020, 0
1212092, 0
1212100, 0
1212205, 0
1213159, 0
1213223, 0
1213231, 0
1213269, 0
1213281, 0
1213490, 0
1213573, 0
1213624, 0
1213660, 0
1213673, 0
1213970, 0
1214081, 0
1214217, 0
1214825, 0
1214955, 0
1215063, 0
1215169, 0
1215638, 0
1215748, 0
1215754, 0
1216338, 0
1216462, 0
1216610, 0
1216864, 0
1217099, 0
1217158, 0
1217310, 0
1217920, 0
1217921, 0
1218066, 0
1218489, 0
1218715, 0
1219217, 0
1219250, 0
1219631, 0
1219730, 0
1220001, 0
1220048, 0
1220304, 0
1220327, 0
1220387, 0
1220637, 0
1221759, 0
1221935, 0
1221944, 0
1222127, 0
1222464, 0
1223000, 0
1223076, 0
1223194, 0
1223226, 0
1223248, 0
1223540, 0
1223796, 0
1223820, 0
1223840, 0
1223883, 0
1223965, 0
1223975, 0
1224191, 0
1224204, 0
1224269, 0
1224666, 0
1224871, 0
1224888, 0
1224901, 0
1224974, 0
1225274, 0
1225400, 0
1225643, 0
1225714, 0
1225728, 0
1225932, 0
1227873, 0
1227885, 0
1227934, 0
1228329, 0
1228642, 0
1228982, 0
1229087, 0
1229614, 0
1229776, 0
1229978, 0
1230155, 0
1230535, 0
1230886, 0
1231559, 0
1231616, 0
1231725, 0
1231808, 0
1231966, 0
1232084, 0
1232141, 0
1232280, 0
1232447, 0
1232618, 0
1232978, 0
1233227, 0
1233511, 0
1233598, 0
1233929, 0
1234135, 0
1234447, 0
1234517, 0
1234719, 0
1234866, 0
1234941, 0
1235005, 0
1235447, 0
1235820, 0
1235876, 0
1235958, 0
1236040, 0
1236055, 0
1236089, 0
1236301, 0
1236338, 0
1236555, 0
1236861, 0
1237453, 0
1237454, 0
1237584, 0
1237619, 0
1238115, 0
1238170, 0
1238214, 0
1238327, 0
1238504, 0
1238535, 0
1238625, 0
1238632, 0
1238658, 0
1238662, 0
1238742, 0
1238908, 0
1238977, 0
1239012, 0
1239066, 0
1239090, 0
1239193, 0
1239242, 0
1239307, 0
1239346, 0
1239505, 0
1239564, 0
1239576, 0
1239636, 0
1239716, 0
1239820, 0
1239945, 0
1240029, 0
1240204, 0
1240343, 0
1240393, 0
1240559, 0
1240598, 0
1240627, 0
1240756, 0
1240803, 0
1240921, 0
1241273, 0
1241296, 0
1241695, 0
1241831, 0
1241987, 0
1242053, 0
1242114, 0
1242466, 0
1242566, 0
1242649, 0
1242661, 0
1242666, 0
1243591, 0
1243721, 0
1243800, 0
1243829, 0
1243992, 0
1243993, 0
1244136, 0
1244337, 0
1244560, 0
1244657, 0
1244868, 0
1244892, 0
1245075, 0
1245116, 0
1245932, 0
1246159, 0
1246874, 0
1247036, 0
1247137, 0
1247354, 0
1247459, 0
1247845, 0
1247917, 0
1247980, 0
1248088, 0
1248831, 0
1248882, 0
1249306, 0
1249436, 0
1250116, 0
1250414, 0
1250844, 0
1251127, 0
1251188, 0
1251508, 0
1251735, 0
1252374, 0
1252588, 0
1253005, 0
1253128, 0
1253312, 0
1253332, 0
1253742, 0
1254160, 0
1254288, 0
1254376, 0
1254796, 0
1254860, 0
1254866, 0
1255198, 0
1255221, 0
1255293, 0
1256116, 0
1256571, 0
1256871, 0
1256974, 0
1257083, 0
1257095, 0
1257110, 0
1257417, 0
1257742, 0
1257855, 0
1258000, 0
1258377, 0
1258489, 0
1258560, 0
1258925, 0
1258947, 0
1259742, 0
1259901, 0
1259966, 0
1260198, 0
1260440, 0
1260657, 0
1260672, 0
1260912, 0
1261141, 0
1261265, 0
1261439, 0
1261872, 0
1261968, 0
1261981, 0
1262032, 0
1262066, 0
1262126, 0
1262199, 0
1262247, 0
1262721, 0
1263124, 0
1263274, 0
1263509, 0
1263514, 0
1263761, 0
1264123, 0
1264564, 0
1264771, 0
1265177, 0
1265211, 0
1265444, 0
1265462, 0
1265470, 0
1265830, 0
1265847, 0
1265866, 0
1265967, 0
1266157, 0
1266426, 0
1266577, 0
1266634, 0
1266857, 0
1266916, 0
1266934, 0
1266973, 0
1267013, 0
1267342, 0
1267376, 0
1267431, 0
1267587, 0
1267675, 0
1267829, 0
1267903, 0
1268069, 0
1268085, 0
1268116, 0
1268330, 0
1268410, 0
1268427, 0
1268504, 0
1268544, 0
1269146, 0
1269219, 0
1269502, 0
1269933, 0
1270204, 0
1270454, 0
1270474, 0
1270488, 0
1270501, 0
1270666, 0
1270817, 0
1271665, 0
1271694, 0
1271928, 0
1271944, 0
1272129, 0
1272564, 0
1272709, 0
1272788, 0
1273152, 0
1273271, 0
1273383, 0
1273586, 0
1273828, 0
1273850, 0
1274044, 0
1274065, 0
1274133, 0
1274135, 0
1274175, 0
1274289, 0
1274577, 0
1274841, 0
1274952, 0
1275313, 0
1275409, 0
1275743, 0
1275831, 0
1276111, 0
1276209, 0
1276254, 0
1276323, 0
1276379, 0
1276396, 0
1276735, 0
1276788, 0
1276835, 0
1276932, 0
1277006, 0
1277025, 0
1277130, 0
1277261, 0
1277590, 0
1277598, 0
1277751, 0
1277984, 0
1278105, 0
1278129, 0
1278310, 0
1278342, 0
1278405, 0
1278490, 0
1278545, 0
1278715, 0
1278999, 0
1279659, 0
1279711, 0
1279714, 0
1280226, 0
1280273, 0
1280846, 0
1280973, 0
1281028, 0
1281185, 0
1281455, 0
1282795, 0
1283304, 0
1283357, 0
1283371, 0
1283429, 0
1283450, 0
1283490, 0
1283621, 0
1284136, 0
1284325, 0
1284448, 0
1284760, 0
1284963, 0
1285200, 0
1285290, 0
1285337, 0
1285654, 0
1286538, 0
1286648, 0
1286999, 0
1287143, 0
1287264, 0
1287337, 0
1287500, 0
1287668, 0
1288048, 0
1288377, 0
1289055, 0
1289089, 0
1289137, 0
1290158, 0
1290188, 0
1290293, 0
1290330, 0
1290418, 0
1290920, 0
1291087, 0
1292037, 0
1292084, 0
1292208, 0
1292223, 0
1292513, 0
1292661, 0
1293613, 0
1293943, 0
1293992, 0
1294042, 0
1294217, 0
1294761, 0
1294782, 0
1295016, 0
1295040, 0
1295090, 0
1295391, 0
1295438, 0
1295553, 0
1295657, 0
1295797, 0
1295823, 0
1295950, 0
1296378, 0
1296963, 0
1297008, 0
1297108, 0
1297163, 0
1297281, 0
1297415, 0
1297462, 0
1297484, 0
1297634, 0
1297746, 0
1298273, 0
1298289, 0
1298346, 0
1298456, 0
1298515, 0
1298516, 0
1298736, 0
1299107, 0
1299258, 0
1299430, 0
1299462, 0
1299698, 0
1299705, 0
1299985, 0
1300126, 0
1300189, 0
1300476, 0
1300789, 0
1301155, 0
1301194, 0
1301353, 0
1301557, 0
1302062, 0
1302140, 0
1302268, 0
1302307, 0
1302399, 0
1302465, 0
1302731, 0
1302763, 0
1302776, 0
1302852, 0
1303036, 0
1303089, 0
1303126, 0
1303364, 0
1303396, 0
1303570, 0
1303997, 0
1304022, 0
1304098, 0
1304149, 0
1304265, 0
1304449, 0
1304549, 0
1304587, 0
1304713, 0
1304793, 0
1305006, 0
1305299, 0
1305582, 0
1305812, 0
1305846, 0
1305942, 0
1305985, 0
1305987, 0
1306106, 0
1306134, 0
1306315, 0
1306376, 0
1306887, 0
1307157, 0
1307976, 0
1308077, 0
1308176, 0
1308522, 0
1308685, 0
1308811, 0
1309654, 0
1309879, 0
1310373, 0
1310409, 0
1310488, 0
1311198, 0
1311222, 0
1311598, 0
1311601, 0
1312070, 0
1312188, 0
1312218, 0
1312443, 0
1312559, 0
1312883, 0
1313009, 0
1313265, 0
1313396, 0
1313441, 0
1313482, 0
1313568, 0
1313948, 0
1314072, 0
1315324, 0
1316506, 0
1316928, 0
1317013, 0
1317247, 0
1317652, 0
1317719, 0
1317764, 0
1318259, 0
1318287, 0
1318518, 0
1318864, 0
1318983, 0
1319096, 0
1320054, 0
1320470, 0
1320550, 0
1320703, 0
1321078, 0
1321272, 0
1321280, 0
1321587, 0
1322166, 0
1322197, 0
12692, 0
87870, 0
135591, 0
151953, 0
154596, 0
451045, 0
477894, 0
486891, 0
524334, 0
565300, 0
996746, 0
1051290, 0
1108356, 0
214316, 0
1093990, 0
2387, 0
547332, 0
550150, 0
481304, 0
353956, 0
960671, 0
272334, 0
1160838, 0
47111, 0
79104, 0
151339, 0
752551, 0
834761, 0
895038, 0
952233, 0
1108949, 0
378796, 0
826000, 0
369985, 0
1219569, 0
1239898, 0
850977, 0
552182, 0
809783, 0
191364, 0
284473, 0
354008, 0
465267, 0
1078252, 0
371688, 0
920238, 0
292654, 0
79735, 0
980105, 0
31438, 0
858994, 0
657057, 0
750507, 0
1001708, 0
1019703, 0
965007, 0
948310, 0
1170912, 0
465131, 0
189861, 0
488095, 0
506285, 0
52476, 0
297139, 0
367151, 0
476638, 0
599118, 0
625519, 0
683495, 0
342723, 0
629590, 0
80580, 0
154789, 0
693198, 0
748040, 0
1105148, 0
4991, 0
19365, 0
789508, 0
123890, 0
383071, 0
401140, 0
482396, 0
134562, 0
151066, 0
225104, 0
525925, 0
187657, 0
862577, 0
1056973, 0
71004, 0
110298, 0
1007733, 0
90395, 0
1194813, 0
543293, 0
32873, 0
50088, 0
225023, 0
373438, 0
459848, 0
930522, 0
1131743, 0
1219732, 0
1231334, 0
524208, 0
560828, 0
641755, 0
704658, 0
988542, 0
1032536, 0
580879, 0
877305, 0
973987, 0
131156, 0
419140, 0
778136, 0
798077, 0
1182078, 0
707358, 0
448050, 0
997187, 0
528850, 0
47713, 0
754407, 0
158594, 0
1223094, 0
811145, 0
271972, 0
75461, 0
81406, 0
210044, 0
216006, 0
294351, 0
758966, 0
948701, 0
1111182, 0
1197156, 0
1315990, 0
797574, 0
48088, 0
93953, 0
291631, 0
633022, 0
733193, 0
766725, 0
898680, 0
1124877, 0
1193440, 0
1246749, 0
387732, 0
975531, 0
771774, 0
223109, 0
1179274, 0
1022546, 0
150505, 0
101102, 0
1202973, 0
285337, 0
523813, 0
