1294703, 0.00604007
635929, 0.000284746
576495, 0.000225904
390252, 7.45697e-05
249810, 4.86741e-05
122685, 3.7452e-05
380978, 3.59595e-05
635866, 3.27486e-05
783348, 3.22969e-05
889330, 2.95892e-05
796049, 2.92184e-05
744384, 2.70724e-05
129561, 2.3112e-05
289395, 1.9716e-05
742396, 1.94084e-05
150746, 1.91809e-05
796280, 1.59789e-05
728271, 1.57295e-05
740636, 1.4969e-05
635876, 1.42864e-05
595003, 1.35829e-05
59169, 1.20202e-05
285141, 1.19417e-05
455616, 1.0591e-05
874578, 8.54573e-06
22585, 7.80154e-06
17021, 6.2577e-06
347337, 6.00728e-06
378972, 5.70452e-06
340371, 5.62542e-06
280411, 5.23567e-06
97191, 4.45387e-06
357309, 3.4743e-06
1097691, 3.43411e-06
409166, 3.04282e-06
252203, 2.97845e-06
1290871, 2.97531e-06
320656, 2.81616e-06
1111084, 2.58604e-06
1270817, 2.27405e-06
1113659, 2.1219e-06
365015, 1.90794e-06
1142449, 1.50294e-06
515500, 1.31067e-06
711621, 1.17538e-06
574357, 1.09695e-06
193317, 1.06371e-06
192819, 1.06052e-06
17775, 1.03672e-06
1229323, 1.0316e-06
313437, 1.00826e-06
156843, 9.95036e-07
151849, 9.08892e-07
7375, 9.00324e-07
615800, 8.15652e-07
294357, 7.90147e-07
784904, 7.25131e-07
781958, 7.1079e-07
1205718, 7.0301e-07
948115, 6.76511e-07
613763, 6.68519e-07
614602, 6.63546e-07
1320556, 6.61718e-07
290224, 6.36114e-07
1318321, 5.55425e-07
529405, 5.31476e-07
827783, 5.24603e-07
93911, 5.20772e-07
40444, 5.16323e-07
458431, 5.14578e-07
968627, 4.95855e-07
216883, 4.48761e-07
75752, 4.44431e-07
295474, 4.4306e-07
799076, 4.3807e-07
638896, 4.37925e-07
398508, 4.35206e-07
916290, 4.34075e-07
242907, 4.07342e-07
45583, 4.03652e-07
831862, 3.87129e-07
367496, 3.8702e-07
358018, 3.8355e-07
1219944, 3.6199e-07
418945, 3.57314e-07
1045854, 3.06354e-07
417624, 3.04522e-07
540312, 3.01007e-07
635640, 2.91068e-07
508850, 2.76056e-07
679308, 2.62045e-07
609731, 2.53991e-07
28273, 2.39335e-07
1091759, 2.31567e-07
427168, 2.22675e-07
1274208, 2.19707e-07
654856, 2.15387e-07
1144512, 1.91223e-07
188239, 1.76202e-07
98205, 1.72798e-07
1049499, 1.68817e-07
1147544, 1.63603e-07
1063526, 1.63556e-07
1192717, 1.59613e-07
1080061, 1.58716e-07
292812, 1.58608e-07
107798, 1.57434e-07
124093, 1.54219e-07
580231, 1.52916e-07
619089, 1.50535e-07
499418, 1.49661e-07
572147, 1.48156e-07
109897, 1.4782e-07
1189862, 1.42847e-07
170774, 1.42344e-07
403259, 1.31785e-07
1059503, 1.27008e-07
1318972, 1.23327e-07
529659, 1.22561e-07
963025, 1.14911e-07
224999, 1.14636e-07
1296952, 1.13722e-07
38100, 1.13109e-07
606973, 1.11061e-07
1241821, 1.0788e-07
158437, 1.07085e-07
100380, 1.0696e-07
727486, 1.06737e-07
1291621, 1.04185e-07
998905, 1.0357e-07
176733, 1.01239e-07
605236, 9.55998e-08
72906, 9.28365e-08
58671, 9.19853e-08
76078, 9.09525e-08
1050644, 9.00744e-08
1111321, 8.58902e-08
887625, 8.49842e-08
824663, 7.93704e-08
488416, 7.65057e-08
267703, 7.63047e-08
794038, 7.5953e-08
1026713, 7.5268e-08
504416, 7.27243e-08
1102318, 7.16394e-08
65451, 7.06194e-08
734253, 6.9156e-08
910117, 6.86413e-08
96739, 6.85806e-08
982118, 6.80616e-08
801375, 6.59863e-08
221071, 6.53152e-08
1315931, 6.36713e-08
1151841, 6.24635e-08
945281, 5.80872e-08
472775, 5.68272e-08
567748, 5.34724e-08
675332, 4.98916e-08
1028948, 4.97892e-08
124247, 4.7085e-08
23206, 4.63662e-08
524274, 4.63182e-08
264273, 4.62896e-08
223737, 4.44878e-08
894051, 4.27231e-08
1034815, 3.51444e-08
209591, 3.37077e-08
883915, 3.33552e-08
1193957, 3.28117e-08
5055, 3.26823e-08
485791, 3.24258e-08
1197652, 3.23818e-08
1278545, 3.10567e-08
799940, 3.10549e-08
431136, 3.06427e-08
478048, 2.74653e-08
811585, 2.68146e-08
374339, 2.57691e-08
546891, 2.54686e-08
1092326, 2.54088e-08
678889, 2.42599e-08
737030, 2.40046e-08
1003364, 2.37945e-08
461450, 2.37719e-08
33814, 2.27232e-08
179146, 2.26751e-08
1272884, 2.26207e-08
39966, 2.25664e-08
202496, 2.03175e-08
102333, 2.02512e-08
960784, 1.9585e-08
752793, 1.887e-08
925339, 1.86529e-08
720134, 1.83485e-08
57, 0
74, 0
88, 0
279, 0
1448, 0
1466, 0
1591, 0
1631, 0
1637, 0
1767, 0
1778, 0
1963, 0
2147, 0
2232, 0
2259, 0
2335, 0
2410, 0
2644, 0
2671, 0
2762, 0
3045, 0
3088, 0
3113, 0
3427, 0
3663, 0
3900, 0
4055, 0
4139, 0
4198, 0
4375, 0
4601, 0
4814, 0
5282, 0
5436, 0
5497, 0
5889, 0
5994, 0
6009, 0
6135, 0
6275, 0
6377, 0
7076, 0
7188, 0
7210, 0
7632, 0
7730, 0
7964, 0
8762, 0
8783, 0
9242, 0
9310, 0
9367, 0
9375, 0
10182, 0
10194, 0
10239, 0
10397, 0
10731, 0
10755, 0
11451, 0
11837, 0
11848, 0
11969, 0
12118, 0
12891, 0
12958, 0
13094, 0
13335, 0
13537, 0
13704, 0
14372, 0
14642, 0
15089, 0
16082, 0
16286, 0
16300, 0
16568, 0
17475, 0
18152, 0
18475, 0
18514, 0
19129, 0
19241, 0
20030, 0
20251, 0
20411, 0
20464, 0
20478, 0
20661, 0
20789, 0
21519, 0
21903, 0
22393, 0
22407, 0
22547, 0
22728, 0
22825, 0
22869, 0
22897, 0
23043, 0
23283, 0
23514, 0
24555, 0
24644, 0
25016, 0
25261, 0
25584, 0
25896, 0
26236, 0
26536, 0
27252, 0
27860, 0
27910, 0
28125, 0
28179, 0
29364, 0
30351, 0
30421, 0
30543, 0
30615, 0
30708, 0
30796, 0
31374, 0
31883, 0
32738, 0
32745, 0
32907, 0
33080, 0
33098, 0
33307, 0
33327, 0
33608, 0
34149, 0
34381, 0
34775, 0
34814, 0
35125, 0
35348, 0
35353, 0
35576, 0
35804, 0
36118, 0
36470, 0
37109, 0
37779, 0
37924, 0
38303, 0
38558, 0
38782, 0
39389, 0
40582, 0
40858, 0
41080, 0
41396, 0
41443, 0
42377, 0
42894, 0
42976, 0
43020, 0
43110, 0
44031, 0
44044, 0
44420, 0
44430, 0
44600, 0
44839, 0
45860, 0
45888, 0
45935, 0
46065, 0
46503, 0
46521, 0
46763, 0
46819, 0
46825, 0
46954, 0
47318, 0
47353, 0
47593, 0
47854, 0
48028, 0
48571, 0
48580, 0
48926, 0
49119, 0
49708, 0
49917, 0
50059, 0
51185, 0
51440, 0
51793, 0
51929, 0
52257, 0
52895, 0
52971, 0
53184, 0
53332, 0
53461, 0
53801, 0
53844, 0
54722, 0
55193, 0
55506, 0
55555, 0
55634, 0
55708, 0
56131, 0
56201, 0
56264, 0
56655, 0
56889, 0
57059, 0
57427, 0
57515, 0
57664, 0
57967, 0
58374, 0
58786, 0
58812, 0
59034, 0
59274, 0
59307, 0
59364, 0
59481, 0
59508, 0
59532, 0
60017, 0
60639, 0
60779, 0
60782, 0
60926, 0
61071, 0
61209, 0
61443, 0
61916, 0
63287, 0
63741, 0
63774, 0
65347, 0
65374, 0
65547, 0
66337, 0
66359, 0
66573, 0
66726, 0
66760, 0
66797, 0
67077, 0
67846, 0
68067, 0
68273, 0
68315, 0
68329, 0
68422, 0
68511, 0
69913, 0
70289, 0
70309, 0
70403, 0
70731, 0
70818, 0
70866, 0
70886, 0
70974, 0
71008, 0
71028, 0
71213, 0
71238, 0
71289, 0
71325, 0
71381, 0
72516, 0
72561, 0
72677, 0
73061, 0
73443, 0
73786, 0
73994, 0
74076, 0
74271, 0
74281, 0
74680, 0
75482, 0
75665, 0
75734, 0
75784, 0
75812, 0
75824, 0
75933, 0
76010, 0
76145, 0
76171, 0
76407, 0
76480, 0
76540, 0
76736, 0
76933, 0
77328, 0
77591, 0
78004, 0
78621, 0
78622, 0
78938, 0
79174, 0
80149, 0
80274, 0
80407, 0
80456, 0
80485, 0
80713, 0
81073, 0
81170, 0
81176, 0
81206, 0
81585, 0
81631, 0
81783, 0
81880, 0
82018, 0
82081, 0
82344, 0
82554, 0
82622, 0
82728, 0
83042, 0
83046, 0
83074, 0
83168, 0
83172, 0
83407, 0
83451, 0
84116, 0
84377, 0
84381, 0
85218, 0
85308, 0
85447, 0
85448, 0
85535, 0
86762, 0
87013, 0
87023, 0
87109, 0
87185, 0
87195, 0
87301, 0
87474, 0
87601, 0
87851, 0
88067, 0
88776, 0
88859, 0
89218, 0
89718, 0
89760, 0
89914, 0
90151, 0
90430, 0
90537, 0
90662, 0
90782, 0
90825, 0
90854, 0
91242, 0
91535, 0
91726, 0
91759, 0
91955, 0
92008, 0
92090, 0
92194, 0
92778, 0
92961, 0
93796, 0
93953, 0
94151, 0
94216, 0
94663, 0
94878, 0
95054, 0
95732, 0
95827, 0
95904, 0
96140, 0
96267, 0
96323, 0
96895, 0
96990, 0
97312, 0
97349, 0
97374, 0
97833, 0
98136, 0
98400, 0
98405, 0
98541, 0
99221, 0
99369, 0
99555, 0
99624, 0
99777, 0
99872, 0
100095, 0
100340, 0
100800, 0
100926, 0
101302, 0
101527, 0
101532, 0
102034, 0
102036, 0
102065, 0
102127, 0
102166, 0
102408, 0
102570, 0
102647, 0
102857, 0
102944, 0
103041, 0
103744, 0
103975, 0
104030, 0
104179, 0
104185, 0
104607, 0
104655, 0
104678, 0
105699, 0
106549, 0
107250, 0
107536, 0
107572, 0
107909, 0
107917, 0
108010, 0
108265, 0
108458, 0
108538, 0
108694, 0
108823, 0
109352, 0
109623, 0
109636, 0
109726, 0
109768, 0
110027, 0
110105, 0
110499, 0
110513, 0
110713, 0
110933, 0
110978, 0
111308, 0
111415, 0
111476, 0
111484, 0
111616, 0
111783, 0
112631, 0
112651, 0
112695, 0
113554, 0
113714, 0
113945, 0
113982, 0
114205, 0
114813, 0
115269, 0
115339, 0
115344, 0
115575, 0
115828, 0
115908, 0
116322, 0
116339, 0
116855, 0
117051, 0
117360, 0
117386, 0
117694, 0
117764, 0
117842, 0
118128, 0
118188, 0
118405, 0
118656, 0
120127, 0
120299, 0
120553, 0
121671, 0
121700, 0
121761, 0
121980, 0
122138, 0
122192, 0
122745, 0
123259, 0
123387, 0
123392, 0
123455, 0
123787, 0
123792, 0
125156, 0
125394, 0
125565, 0
126011, 0
126443, 0
126815, 0
127007, 0
127022, 0
127056, 0
127160, 0
127168, 0
127255, 0
127285, 0
127493, 0
127715, 0
127725, 0
127865, 0
128433, 0
128438, 0
128641, 0
128649, 0
128749, 0
129566, 0
129587, 0
129860, 0
130067, 0
130084, 0
130384, 0
130697, 0
130971, 0
130996, 0
131484, 0
131738, 0
132128, 0
132891, 0
133182, 0
133624, 0
133682, 0
133776, 0
133903, 0
133961, 0
134190, 0
134411, 0
134412, 0
134492, 0
134874, 0
135009, 0
135042, 0
135101, 0
135501, 0
135519, 0
135698, 0
136076, 0
136129, 0
136199, 0
136365, 0
136443, 0
136493, 0
136520, 0
136566, 0
136933, 0
136964, 0
137111, 0
137248, 0
137251, 0
137296, 0
137414, 0
138278, 0
138558, 0
138904, 0
139026, 0
139572, 0
139584, 0
139676, 0
139868, 0
140094, 0
140155, 0
140176, 0
140403, 0
140405, 0
140924, 0
141091, 0
141190, 0
141322, 0
141426, 0
141481, 0
141696, 0
141839, 0
142031, 0
142147, 0
142197, 0
142319, 0
142382, 0
142688, 0
142902, 0
143245, 0
143291, 0
143424, 0
143617, 0
143994, 0
144278, 0
144441, 0
144536, 0
144573, 0
144783, 0
144982, 0
145008, 0
145313, 0
145323, 0
145363, 0
145843, 0
146451, 0
146677, 0
146785, 0
146816, 0
146964, 0
146968, 0
147118, 0
147136, 0
147491, 0
147702, 0
147783, 0
147839, 0
147840, 0
147958, 0
148112, 0
148140, 0
148153, 0
148387, 0
148407, 0
148754, 0
148832, 0
149022, 0
149109, 0
149116, 0
149318, 0
149837, 0
150106, 0
150167, 0
150340, 0
150518, 0
150701, 0
150994, 0
150999, 0
151450, 0
151656, 0
151898, 0
152127, 0
152349, 0
152511, 0
152769, 0
152894, 0
152896, 0
153133, 0
153174, 0
153387, 0
153443, 0
153452, 0
153454, 0
153457, 0
153478, 0
153539, 0
153832, 0
154108, 0
154116, 0
154395, 0
154584, 0
155010, 0
155188, 0
155191, 0
155431, 0
155717, 0
156152, 0
156213, 0
156312, 0
156561, 0
157075, 0
157175, 0
157533, 0
157820, 0
157900, 0
157908, 0
158343, 0
158441, 0
158514, 0
158867, 0
159193, 0
159282, 0
159302, 0
159356, 0
159399, 0
159426, 0
159436, 0
159687, 0
160091, 0
160188, 0
160476, 0
160866, 0
161041, 0
161055, 0
161092, 0
161280, 0
161320, 0
161707, 0
161996, 0
162048, 0
162228, 0
163017, 0
163316, 0
163470, 0
163614, 0
163725, 0
163981, 0
164002, 0
164142, 0
165058, 0
165208, 0
165295, 0
166288, 0
166431, 0
166537, 0
166589, 0
166718, 0
166781, 0
167163, 0
167514, 0
167540, 0
167733, 0
167965, 0
167988, 0
168007, 0
168146, 0
168312, 0
168326, 0
168837, 0
169226, 0
169375, 0
169432, 0
169780, 0
170048, 0
170537, 0
170619, 0
171244, 0
171541, 0
171631, 0
172643, 0
172754, 0
173979, 0
174036, 0
174452, 0
175066, 0
175124, 0
175175, 0
175291, 0
175418, 0
176170, 0
176572, 0
176692, 0
176801, 0
176990, 0
177204, 0
178332, 0
178948, 0
179699, 0
180038, 0
180085, 0
180105, 0
180121, 0
180283, 0
180384, 0
181703, 0
182292, 0
182929, 0
183443, 0
183960, 0
184564, 0
185502, 0
186246, 0
186893, 0
187208, 0
187294, 0
187305, 0
187309, 0
187371, 0
187923, 0
187969, 0
188043, 0
188301, 0
188397, 0
188969, 0
189123, 0
189997, 0
190515, 0
190798, 0
190998, 0
191004, 0
191991, 0
192186, 0
192206, 0
192279, 0
192681, 0
192739, 0
193193, 0
193231, 0
193285, 0
193289, 0
193318, 0
193573, 0
195167, 0
195712, 0
196114, 0
196293, 0
196500, 0
196597, 0
197007, 0
197071, 0
197098, 0
197182, 0
197571, 0
198173, 0
198650, 0
198985, 0
199287, 0
199571, 0
199818, 0
199938, 0
200051, 0
200242, 0
200518, 0
200751, 0
201122, 0
201428, 0
201685, 0
202412, 0
202990, 0
203033, 0
203120, 0
203159, 0
203182, 0
203191, 0
203314, 0
203525, 0
203639, 0
204223, 0
204249, 0
204434, 0
204819, 0
205280, 0
207165, 0
207482, 0
207494, 0
207874, 0
207926, 0
208052, 0
208489, 0
208517, 0
208563, 0
209378, 0
209530, 0
210128, 0
210390, 0
210592, 0
211242, 0
211389, 0
211793, 0
211890, 0
212024, 0
212159, 0
212281, 0
212329, 0
212342, 0
212567, 0
212672, 0
213011, 0
213047, 0
213292, 0
214074, 0
214524, 0
214540, 0
214553, 0
214614, 0
214638, 0
215203, 0
215323, 0
215449, 0
215480, 0
215616, 0
216218, 0
216240, 0
216324, 0
216620, 0
216638, 0
216773, 0
216802, 0
217009, 0
217131, 0
217252, 0
218152, 0
218197, 0
218430, 0
218519, 0
218547, 0
218796, 0
219585, 0
219753, 0
219972, 0
220028, 0
220179, 0
220346, 0
220355, 0
220491, 0
220521, 0
220828, 0
221397, 0
221863, 0
222086, 0
222480, 0
222560, 0
222563, 0
223258, 0
223293, 0
223679, 0
223789, 0
223979, 0
224026, 0
224118, 0
224177, 0
224805, 0
225000, 0
225031, 0
225508, 0
225785, 0
225794, 0
226012, 0
226445, 0
226863, 0
227101, 0
227662, 0
227708, 0
227798, 0
227843, 0
227914, 0
228077, 0
228228, 0
228335, 0
228380, 0
229398, 0
230275, 0
231012, 0
231039, 0
231053, 0
231181, 0
231533, 0
231544, 0
231574, 0
231843, 0
232588, 0
232643, 0
232829, 0
232919, 0
232937, 0
233243, 0
233303, 0
233539, 0
233546, 0
234602, 0
234612, 0
235252, 0
235597, 0
235660, 0
236222, 0
236464, 0
236682, 0
236924, 0
237132, 0
237233, 0
238643, 0
238862, 0
239690, 0
239833, 0
239840, 0
239985, 0
240083, 0
240228, 0
240241, 0
240754, 0
240919, 0
241045, 0
241214, 0
241398, 0
241507, 0
241514, 0
242021, 0
242374, 0
242470, 0
242697, 0
242738, 0
243270, 0
243643, 0
243657, 0
243821, 0
243826, 0
243839, 0
243909, 0
244384, 0
244679, 0
245180, 0
245317, 0
245361, 0
245507, 0
245620, 0
246207, 0
246559, 0
246578, 0
246630, 0
246735, 0
247107, 0
247282, 0
247497, 0
247623, 0
247674, 0
248095, 0
248269, 0
248880, 0
249061, 0
249207, 0
249231, 0
249326, 0
249363, 0
249456, 0
249476, 0
249855, 0
249870, 0
250851, 0
250896, 0
251196, 0
251230, 0
251622, 0
252067, 0
252519, 0
253360, 0
253437, 0
254339, 0
254593, 0
254615, 0
254673, 0
254677, 0
254784, 0
254892, 0
254915, 0
255298, 0
255631, 0
255719, 0
255961, 0
256086, 0
256229, 0
256410, 0
256660, 0
256788, 0
257102, 0
257766, 0
257784, 0
258068, 0
258130, 0
258562, 0
258896, 0
259038, 0
259461, 0
259958, 0
260362, 0
260438, 0
261325, 0
261469, 0
261722, 0
261789, 0
261815, 0
262049, 0
262130, 0
263219, 0
263690, 0
264022, 0
264147, 0
264705, 0
265024, 0
265113, 0
265646, 0
266025, 0
266085, 0
266330, 0
266519, 0
266569, 0
266652, 0
266680, 0
266735, 0
267386, 0
268054, 0
268329, 0
268497, 0
269413, 0
269499, 0
270069, 0
270073, 0
270173, 0
270402, 0
270795, 0
271558, 0
272000, 0
272039, 0
273076, 0
273935, 0
274202, 0
274793, 0
274866, 0
274918, 0
275417, 0
275889, 0
276002, 0
276021, 0
276196, 0
276390, 0
276423, 0
277085, 0
277188, 0
277218, 0
277638, 0
277985, 0
278262, 0
279454, 0
279461, 0
279756, 0
279808, 0
280262, 0
281204, 0
281338, 0
281555, 0
281805, 0
281934, 0
281939, 0
282143, 0
282827, 0
282958, 0
283370, 0
283943, 0
284071, 0
284119, 0
284350, 0
284549, 0
284592, 0
284690, 0
284917, 0
285158, 0
285185, 0
285712, 0
285715, 0
285744, 0
286217, 0
286379, 0
286702, 0
286876, 0
286890, 0
286920, 0
287087, 0
287257, 0
287837, 0
288001, 0
288127, 0
288205, 0
288467, 0
288837, 0
288843, 0
288950, 0
289286, 0
289416, 0
289434, 0
289482, 0
289506, 0
289545, 0
289872, 0
289899, 0
289953, 0
290007, 0
290106, 0
290202, 0
290414, 0
290497, 0
290605, 0
290709, 0
291080, 0
291196, 0
291367, 0
291538, 0
291832, 0
291863, 0
291985, 0
292121, 0
292126, 0
292489, 0
292637, 0
292753, 0
293049, 0
293077, 0
293105, 0
293250, 0
293743, 0
294084, 0
294644, 0
294676, 0
294680, 0
294711, 0
294724, 0
294751, 0
295555, 0
295663, 0
295709, 0
296002, 0
296840, 0
296908, 0
297241, 0
297638, 0
297893, 0
298018, 0
298089, 0
298097, 0
298277, 0
298295, 0
298465, 0
298641, 0
298869, 0
299014, 0
299029, 0
299072, 0
299301, 0
299681, 0
300589, 0
300629, 0
301245, 0
301437, 0
301651, 0
301676, 0
302220, 0
302720, 0
302769, 0
302797, 0
302903, 0
302947, 0
303044, 0
303083, 0
303700, 0
303725, 0
303843, 0
304202, 0
304526, 0
304905, 0
305322, 0
305344, 0
305445, 0
305989, 0
306013, 0
306303, 0
306344, 0
306983, 0
306999, 0
307105, 0
307186, 0
307832, 0
307910, 0
307918, 0
308408, 0
308412, 0
308687, 0
308690, 0
308736, 0
308816, 0
309206, 0
309310, 0
309529, 0
309639, 0
309710, 0
309731, 0
309854, 0
309955, 0
310196, 0
310202, 0
310387, 0
310588, 0
310662, 0
310876, 0
311050, 0
311193, 0
311272, 0
311518, 0
311648, 0
311830, 0
311878, 0
311891, 0
311893, 0
312296, 0
312966, 0
312989, 0
312992, 0
313005, 0
313195, 0
313212, 0
313280, 0
313365, 0
313404, 0
313405, 0
313421, 0
313517, 0
313544, 0
314002, 0
315060, 0
315244, 0
315453, 0
315458, 0
315514, 0
315551, 0
315568, 0
315830, 0
316050, 0
316051, 0
316121, 0
316147, 0
316267, 0
316544, 0
316567, 0
316701, 0
316717, 0
317408, 0
317640, 0
317731, 0
317735, 0
317740, 0
318947, 0
319062, 0
319563, 0
319669, 0
319728, 0
319851, 0
320040, 0
321165, 0
321280, 0
322006, 0
322015, 0
322396, 0
322416, 0
322630, 0
323128, 0
323190, 0
323546, 0
323716, 0
323742, 0
323770, 0
324113, 0
324545, 0
324617, 0
324714, 0
324801, 0
324920, 0
325259, 0
325343, 0
325514, 0
325923, 0
326016, 0
326222, 0
326757, 0
326778, 0
327384, 0
327405, 0
327489, 0
327690, 0
328560, 0
329648, 0
330224, 0
330432, 0
330596, 0
330850, 0
331096, 0
331104, 0
331300, 0
331322, 0
331802, 0
332061, 0
332090, 0
332694, 0
332738, 0
332938, 0
333042, 0
333430, 0
333431, 0
333580, 0
334342, 0
334364, 0
334426, 0
334893, 0
335242, 0
335273, 0
335274, 0
335306, 0
335421, 0
335445, 0
335476, 0
335486, 0
335762, 0
335772, 0
335892, 0
336244, 0
336291, 0
336881, 0
337047, 0
337081, 0
337142, 0
337175, 0
337529, 0
337547, 0
337842, 0
338088, 0
338634, 0
338675, 0
338751, 0
338761, 0
338952, 0
339098, 0
339138, 0
339465, 0
339699, 0
339814, 0
339927, 0
339940, 0
340078, 0
340260, 0
340607, 0
340717, 0
340856, 0
340967, 0
340997, 0
341121, 0
341185, 0
341699, 0
341880, 0
342052, 0
342704, 0
343657, 0
343718, 0
343834, 0
344207, 0
344239, 0
344293, 0
344342, 0
344413, 0
345311, 0
345855, 0
346228, 0
346233, 0
346290, 0
346333, 0
346418, 0
346640, 0
346750, 0
346882, 0
347204, 0
347307, 0
347369, 0
347388, 0
347460, 0
347680, 0
347719, 0
347809, 0
347826, 0
348179, 0
348191, 0
349474, 0
349670, 0
349789, 0
349838, 0
349914, 0
349956, 0
350084, 0
350216, 0
350559, 0
350949, 0
351085, 0
351196, 0
351509, 0
351592, 0
351626, 0
352497, 0
352553, 0
352676, 0
352855, 0
352859, 0
352887, 0
353126, 0
353378, 0
353444, 0
353838, 0
353894, 0
354502, 0
354813, 0
354860, 0
355092, 0
355144, 0
355589, 0
355614, 0
355684, 0
355871, 0
356019, 0
356268, 0
356702, 0
356845, 0
356857, 0
356930, 0
357027, 0
357083, 0
357099, 0
357261, 0
357336, 0
357465, 0
357588, 0
357627, 0
357688, 0
357726, 0
358022, 0
358135, 0
358264, 0
358291, 0
359287, 0
360720, 0
360775, 0
360837, 0
360945, 0
361015, 0
361113, 0
361176, 0
361219, 0
361304, 0
361387, 0
361720, 0
361756, 0
361837, 0
362343, 0
362367, 0
362448, 0
362483, 0
362487, 0
362610, 0
362729, 0
362792, 0
362795, 0
362929, 0
363370, 0
363836, 0
364099, 0
364403, 0
364762, 0
364839, 0
364902, 0
365228, 0
365400, 0
365574, 0
365707, 0
366352, 0
366362, 0
366403, 0
366866, 0
367687, 0
367731, 0
367964, 0
368333, 0
368615, 0
368803, 0
369667, 0
370439, 0
370516, 0
370864, 0
370891, 0
370903, 0
370929, 0
370940, 0
371005, 0
371050, 0
371131, 0
371216, 0
371906, 0
372130, 0
372276, 0
372398, 0
372470, 0
372623, 0
372693, 0
372971, 0
373534, 0
373924, 0
374143, 0
374173, 0
374286, 0
374308, 0
374885, 0
375518, 0
375648, 0
375747, 0
376094, 0
376138, 0
376285, 0
376379, 0
376571, 0
376593, 0
377358, 0
377528, 0
377565, 0
377610, 0
377638, 0
377716, 0
377760, 0
377803, 0
377816, 0
377817, 0
377974, 0
378104, 0
378169, 0
378197, 0
378551, 0
378791, 0
378855, 0
379491, 0
379511, 0
379737, 0
379754, 0
379865, 0
379952, 0
379999, 0
380087, 0
380305, 0
380308, 0
380351, 0
380636, 0
381205, 0
381215, 0
381414, 0
381580, 0
381608, 0
382078, 0
382261, 0
382428, 0
382921, 0
383034, 0
383048, 0
383084, 0
383096, 0
384833, 0
385186, 0
385361, 0
385449, 0
385869, 0
386415, 0
386527, 0
387953, 0
388492, 0
388700, 0
388742, 0
389698, 0
390285, 0
390755, 0
390977, 0
391101, 0
391369, 0
391480, 0
391610, 0
391672, 0
391841, 0
392029, 0
392053, 0
392308, 0
393174, 0
393665, 0
393826, 0
393983, 0
394011, 0
394090, 0
394170, 0
394205, 0
394501, 0
395260, 0
395323, 0
395397, 0
396516, 0
396533, 0
397263, 0
397275, 0
397448, 0
397685, 0
397783, 0
397839, 0
397876, 0
397928, 0
398092, 0
398163, 0
398407, 0
398572, 0
398675, 0
398701, 0
398851, 0
399088, 0
399135, 0
399402, 0
399602, 0
400439, 0
400453, 0
400472, 0
400599, 0
400646, 0
400914, 0
401093, 0
401121, 0
401388, 0
401521, 0
401611, 0
401672, 0
401884, 0
402476, 0
402835, 0
403271, 0
403398, 0
403410, 0
403972, 0
404421, 0
404568, 0
404752, 0
404753, 0
404924, 0
405022, 0
405113, 0
405424, 0
405447, 0
405513, 0
405519, 0
405616, 0
405699, 0
405765, 0
406103, 0
406144, 0
406203, 0
406232, 0
406258, 0
406281, 0
406608, 0
406674, 0
406724, 0
406862, 0
406865, 0
407347, 0
407625, 0
407945, 0
408370, 0
408526, 0
408972, 0
409993, 0
410012, 0
410847, 0
410934, 0
411909, 0
412597, 0
413042, 0
413346, 0
413490, 0
413832, 0
413970, 0
414297, 0
414424, 0
414495, 0
414505, 0
414636, 0
414683, 0
414727, 0
414784, 0
414885, 0
415168, 0
415303, 0
415421, 0
415529, 0
416008, 0
416217, 0
416228, 0
416347, 0
416424, 0
416987, 0
417924, 0
418071, 0
418148, 0
418201, 0
418387, 0
418390, 0
418407, 0
418594, 0
418749, 0
419416, 0
419766, 0
419776, 0
420285, 0
420608, 0
420615, 0
421085, 0
421781, 0
421844, 0
422249, 0
422633, 0
422826, 0
423137, 0
423180, 0
423454, 0
423659, 0
423949, 0
424142, 0
424969, 0
425579, 0
426085, 0
426149, 0
426378, 0
426464, 0
426888, 0
426894, 0
426906, 0
427248, 0
427598, 0
428212, 0
428295, 0
428487, 0
428629, 0
428815, 0
429019, 0
429361, 0
429556, 0
429630, 0
429635, 0
429669, 0
429700, 0
429939, 0
430034, 0
430065, 0
430166, 0
430182, 0
430456, 0
430789, 0
430930, 0
430998, 0
431247, 0
431310, 0
431560, 0
431969, 0
432093, 0
432715, 0
432830, 0
432970, 0
433120, 0
433141, 0
433157, 0
433188, 0
433980, 0
434202, 0
434246, 0
434817, 0
434847, 0
435072, 0
435142, 0
435256, 0
436002, 0
436114, 0
436261, 0
436847, 0
437229, 0
438131, 0
438731, 0
439259, 0
439349, 0
439560, 0
439720, 0
440155, 0
440230, 0
440315, 0
440631, 0
441256, 0
441687, 0
441808, 0
442595, 0
443465, 0
443477, 0
443717, 0
443978, 0
444315, 0
444443, 0
444462, 0
444849, 0
444910, 0
445795, 0
445839, 0
446268, 0
446327, 0
446366, 0
446397, 0
446458, 0
446459, 0
446642, 0
446989, 0
447356, 0
448258, 0
449397, 0
449508, 0
450141, 0
450318, 0
450465, 0
450558, 0
450709, 0
451411, 0
451418, 0
451421, 0
451479, 0
451895, 0
452019, 0
452076, 0
452135, 0
452174, 0
452190, 0
452261, 0
452462, 0
452869, 0
453163, 0
453169, 0
453174, 0
454041, 0
454332, 0
454403, 0
454542, 0
454733, 0
454902, 0
455294, 0
455953, 0
455973, 0
456005, 0
456226, 0
456413, 0
456426, 0
456462, 0
456668, 0
456910, 0
456995, 0
458456, 0
458489, 0
458789, 0
459036, 0
459531, 0
460223, 0
460365, 0
460911, 0
461007, 0
461262, 0
461277, 0
462372, 0
462418, 0
462662, 0
462707, 0
462917, 0
463088, 0
463200, 0
463207, 0
463818, 0
464744, 0
465047, 0
465138, 0
465197, 0
465605, 0
465632, 0
466038, 0
466083, 0
466405, 0
468460, 0
468784, 0
469114, 0
469123, 0
469124, 0
469151, 0
469586, 0
469713, 0
470618, 0
470854, 0
471054, 0
471573, 0
471574, 0
471706, 0
471810, 0
472073, 0
472484, 0
472607, 0
472702, 0
472945, 0
473219, 0
473536, 0
473601, 0
474501, 0
475272, 0
475533, 0
476072, 0
476722, 0
476970, 0
477188, 0
477239, 0
477330, 0
477661, 0
477765, 0
477833, 0
477867, 0
477899, 0
478022, 0
478200, 0
478317, 0
479060, 0
479089, 0
479291, 0
479380, 0
480277, 0
480281, 0
480297, 0
480376, 0
480582, 0
480685, 0
481082, 0
481785, 0
482245, 0
482378, 0
482795, 0
482976, 0
482982, 0
482992, 0
483065, 0
483075, 0
483196, 0
483281, 0
483298, 0
483436, 0
483449, 0
483505, 0
483570, 0
483786, 0
484303, 0
484559, 0
484565, 0
484641, 0
484676, 0
484734, 0
484818, 0
484849, 0
484885, 0
485012, 0
485047, 0
485082, 0
485155, 0
485319, 0
485498, 0
485839, 0
486122, 0
486177, 0
486493, 0
486675, 0
487193, 0
487265, 0
487321, 0
487541, 0
487653, 0
487934, 0
488887, 0
489072, 0
489541, 0
490150, 0
490272, 0
491031, 0
491181, 0
491375, 0
491428, 0
491966, 0
492092, 0
492151, 0
492202, 0
492928, 0
493122, 0
493555, 0
493779, 0
493963, 0
494225, 0
495206, 0
495208, 0
495500, 0
495655, 0
495666, 0
496448, 0
496969, 0
497394, 0
497487, 0
497496, 0
497508, 0
498071, 0
498128, 0
498213, 0
498533, 0
498824, 0
499458, 0
499568, 0
499853, 0
500576, 0
500645, 0
500657, 0
500890, 0
501446, 0
501476, 0
501496, 0
502988, 0
503452, 0
503453, 0
505116, 0
506384, 0
506400, 0
506415, 0
506685, 0
506901, 0
507069, 0
507251, 0
507483, 0
507961, 0
508521, 0
508697, 0
509133, 0
509251, 0
509539, 0
509761, 0
509831, 0
509943, 0
510793, 0
510819, 0
510911, 0
510993, 0
511181, 0
511270, 0
511310, 0
511632, 0
512050, 0
512343, 0
512388, 0
512451, 0
513216, 0
513297, 0
513363, 0
513462, 0
514040, 0
514141, 0
514388, 0
514653, 0
514688, 0
514690, 0
514899, 0
515190, 0
515204, 0
515356, 0
515426, 0
515651, 0
515741, 0
515841, 0
515878, 0
516129, 0
516607, 0
516870, 0
516927, 0
517108, 0
517255, 0
517278, 0
517445, 0
517446, 0
517545, 0
517874, 0
518000, 0
518252, 0
518410, 0
518438, 0
518521, 0
518585, 0
518647, 0
518662, 0
519013, 0
519154, 0
519186, 0
519663, 0
519691, 0
520129, 0
520185, 0
520209, 0
520302, 0
520420, 0
520511, 0
520834, 0
521126, 0
521335, 0
521357, 0
521601, 0
521977, 0
522205, 0
522316, 0
522456, 0
523027, 0
523387, 0
523420, 0
523436, 0
524001, 0
524598, 0
525023, 0
525115, 0
525172, 0
525271, 0
525426, 0
525599, 0
525642, 0
526098, 0
527246, 0
527969, 0
528058, 0
528100, 0
528296, 0
528797, 0
528848, 0
529187, 0
529289, 0
529385, 0
529479, 0
529495, 0
529581, 0
530028, 0
530086, 0
531147, 0
531346, 0
531673, 0
531721, 0
531946, 0
532436, 0
532460, 0
532507, 0
532526, 0
532882, 0
533122, 0
533175, 0
533425, 0
533655, 0
533819, 0
533952, 0
534149, 0
534328, 0
534395, 0
534567, 0
534668, 0
535100, 0
535372, 0
535446, 0
536215, 0
536698, 0
537063, 0
537359, 0
537781, 0
537929, 0
538331, 0
538440, 0
538929, 0
539098, 0
539227, 0
539353, 0
539358, 0
539384, 0
539605, 0
539693, 0
539974, 0
540632, 0
540729, 0
540773, 0
540842, 0
541055, 0
541292, 0
541553, 0
541648, 0
541720, 0
542181, 0
542589, 0
542734, 0
542809, 0
543185, 0
543330, 0
543659, 0
543879, 0
544548, 0
544750, 0
546076, 0
546161, 0
546166, 0
546487, 0
546540, 0
547113, 0
547177, 0
547493, 0
547507, 0
547519, 0
547694, 0
547762, 0
548018, 0
548026, 0
548146, 0
548375, 0
548799, 0
548858, 0
548898, 0
549118, 0
549370, 0
549548, 0
549564, 0
549790, 0
550843, 0
550933, 0
551047, 0
552311, 0
552322, 0
552432, 0
552498, 0
552693, 0
553512, 0
553655, 0
553669, 0
553943, 0
554415, 0
554460, 0
554790, 0
555089, 0
555764, 0
555785, 0
555893, 0
555925, 0
556125, 0
556291, 0
556339, 0
556533, 0
557458, 0
558083, 0
558533, 0
558769, 0
559187, 0
559631, 0
560078, 0
560538, 0
561196, 0
561578, 0
561584, 0
561885, 0
562417, 0
562488, 0
563090, 0
563123, 0
563557, 0
563806, 0
564191, 0
564325, 0
564406, 0
564659, 0
564934, 0
565145, 0
565237, 0
565388, 0
565392, 0
565448, 0
565473, 0
565499, 0
565738, 0
565823, 0
566881, 0
567757, 0
568703, 0
568742, 0
568931, 0
569091, 0
569589, 0
569751, 0
569753, 0
569756, 0
569863, 0
570107, 0
570251, 0
570268, 0
570322, 0
570970, 0
571183, 0
571420, 0
571498, 0
571801, 0
571965, 0
572685, 0
572993, 0
573216, 0
573370, 0
573460, 0
573479, 0
573729, 0
574154, 0
574263, 0
574308, 0
574599, 0
574609, 0
575160, 0
575207, 0
575288, 0
575677, 0
575834, 0
575896, 0
576733, 0
576796, 0
576871, 0
576981, 0
577244, 0
577366, 0
577428, 0
577750, 0
577755, 0
577822, 0
577842, 0
577972, 0
578010, 0
578059, 0
578086, 0
578599, 0
578758, 0
578827, 0
579095, 0
579347, 0
579569, 0
579868, 0
580058, 0
580120, 0
580153, 0
580273, 0
580275, 0
580307, 0
580463, 0
580498, 0
580519, 0
580830, 0
581280, 0
581420, 0
581763, 0
582021, 0
582212, 0
582500, 0
582834, 0
582915, 0
582991, 0
583200, 0
583419, 0
583598, 0
583827, 0
583932, 0
583974, 0
584270, 0
584293, 0
584803, 0
584828, 0
584892, 0
585072, 0
585303, 0
585548, 0
585744, 0
586214, 0
586264, 0
586332, 0
586345, 0
586374, 0
586581, 0
586805, 0
586909, 0
587285, 0
587428, 0
587443, 0
587926, 0
588269, 0
588437, 0
588519, 0
588617, 0
588628, 0
588890, 0
589289, 0
589387, 0
589410, 0
589729, 0
590666, 0
591049, 0
591368, 0
591508, 0
591717, 0
591747, 0
591820, 0
591846, 0
592055, 0
592127, 0
592194, 0
592199, 0
592205, 0
592592, 0
592661, 0
592818, 0
593153, 0
593922, 0
594227, 0
594264, 0
594337, 0
594634, 0
594638, 0
595198, 0
595633, 0
595672, 0
595736, 0
595773, 0
595792, 0
595907, 0
596045, 0
596082, 0
596406, 0
596431, 0
596480, 0
596544, 0
596788, 0
596936, 0
597807, 0
597959, 0
598031, 0
598119, 0
598660, 0
599397, 0
599545, 0
599605, 0
599688, 0
599780, 0
599832, 0
600853, 0
600858, 0
600897, 0
600941, 0
600956, 0
601097, 0
601180, 0
601215, 0
601634, 0
601974, 0
602159, 0
602165, 0
602438, 0
602463, 0
602517, 0
602836, 0
602955, 0
603071, 0
603086, 0
603491, 0
603804, 0
603976, 0
604278, 0
604800, 0
605522, 0
605872, 0
606397, 0
606830, 0
606962, 0
607103, 0
607193, 0
607424, 0
608065, 0
608120, 0
608650, 0
608653, 0
609073, 0
609272, 0
609304, 0
609350, 0
609507, 0
609575, 0
609847, 0
609908, 0
610097, 0
610115, 0
610139, 0
610828, 0
610868, 0
610908, 0
611112, 0
611425, 0
612119, 0
612359, 0
612770, 0
613069, 0
613173, 0
613308, 0
613439, 0
613690, 0
613810, 0
613816, 0
614083, 0
614198, 0
614325, 0
614330, 0
614360, 0
614369, 0
614464, 0
614559, 0
614638, 0
614662, 0
615411, 0
615505, 0
615506, 0
615904, 0
615921, 0
616153, 0
616462, 0
616806, 0
617098, 0
617960, 0
617971, 0
618430, 0
618469, 0
619127, 0
619151, 0
619518, 0
619798, 0
620595, 0
620623, 0
620742, 0
621116, 0
621221, 0
621466, 0
621468, 0
622114, 0
622320, 0
622487, 0
622560, 0
623357, 0
623445, 0
624747, 0
624756, 0
624899, 0
624997, 0
625924, 0
626667, 0
626681, 0
626692, 0
626730, 0
626742, 0
627068, 0
627331, 0
627408, 0
627516, 0
628262, 0
629744, 0
629789, 0
630451, 0
631251, 0
631714, 0
632253, 0
633018, 0
633281, 0
633448, 0
633494, 0
633503, 0
634104, 0
634525, 0
634553, 0
634885, 0
634966, 0
635360, 0
635581, 0
635734, 0
635871, 0
635873, 0
636018, 0
636293, 0
636349, 0
636403, 0
636497, 0
636535, 0
636891, 0
636974, 0
637116, 0
637146, 0
637782, 0
638043, 0
638967, 0
639234, 0
639406, 0
639724, 0
639740, 0
639891, 0
639916, 0
640100, 0
640407, 0
640625, 0
640923, 0
641338, 0
641755, 0
641758, 0
642459, 0
642922, 0
642930, 0
642974, 0
643007, 0
643267, 0
643281, 0
643338, 0
643365, 0
643484, 0
643936, 0
644571, 0
644583, 0
644642, 0
644763, 0
644813, 0
644940, 0
645176, 0
645384, 0
645770, 0
645902, 0
646056, 0
646652, 0
647760, 0
647827, 0
648238, 0
648480, 0
649518, 0
650999, 0
651965, 0
652371, 0
652576, 0
653526, 0
653559, 0
654195, 0
654551, 0
655411, 0
655474, 0
656978, 0
657354, 0
658598, 0
658827, 0
658868, 0
659499, 0
659588, 0
659721, 0
659767, 0
659810, 0
659833, 0
659873, 0
659884, 0
659946, 0
660004, 0
660056, 0
660077, 0
660134, 0
660284, 0
660516, 0
660544, 0
660812, 0
660848, 0
661077, 0
661257, 0
661365, 0
661455, 0
661564, 0
662282, 0
662841, 0
663125, 0
663391, 0
663799, 0
663854, 0
663889, 0
664256, 0
664545, 0
664684, 0
664708, 0
664820, 0
665056, 0
665073, 0
665232, 0
666044, 0
666228, 0
666991, 0
667143, 0
667977, 0
668833, 0
669822, 0
670086, 0
670771, 0
671008, 0
671240, 0
671661, 0
671686, 0
671866, 0
671887, 0
672290, 0
672323, 0
672599, 0
673649, 0
674109, 0
674509, 0
674553, 0
675075, 0
675086, 0
675369, 0
676329, 0
678262, 0
678736, 0
679137, 0
679241, 0
679810, 0
679826, 0
680121, 0
680249, 0
680310, 0
681446, 0
682158, 0
682988, 0
683079, 0
683384, 0
683396, 0
683406, 0
683798, 0
684202, 0
684276, 0
684395, 0
684513, 0
684952, 0
685317, 0
685499, 0
685696, 0
686296, 0
687685, 0
687691, 0
687759, 0
687827, 0
688197, 0
688295, 0
688640, 0
688679, 0
690170, 0
690820, 0
691044, 0
691233, 0
691241, 0
691401, 0
692127, 0
692610, 0
692742, 0
692929, 0
693085, 0
693118, 0
693248, 0
693333, 0
693785, 0
694051, 0
694436, 0
695249, 0
695681, 0
695708, 0
695821, 0
695858, 0
696184, 0
696220, 0
696698, 0
696770, 0
696880, 0
697022, 0
697599, 0
698391, 0
699082, 0
699610, 0
700041, 0
700217, 0
700323, 0
700771, 0
700867, 0
701380, 0
701420, 0
701487, 0
701709, 0
702289, 0
703184, 0
703504, 0
703697, 0
704726, 0
704915, 0
706525, 0
706775, 0
707266, 0
707352, 0
707362, 0
707668, 0
708302, 0
709070, 0
709457, 0
709628, 0
710037, 0
710203, 0
711077, 0
711095, 0
711262, 0
711305, 0
711324, 0
711653, 0
711710, 0
711907, 0
711954, 0
711958, 0
712030, 0
712054, 0
712135, 0
712208, 0
712365, 0
712481, 0
712911, 0
713116, 0
713453, 0
713709, 0
713717, 0
714267, 0
714714, 0
714766, 0
716490, 0
716623, 0
716828, 0
717161, 0
717298, 0
717511, 0
717584, 0
717762, 0
718645, 0
718782, 0
718820, 0
719253, 0
719648, 0
719721, 0
720003, 0
721214, 0
721757, 0
722031, 0
722089, 0
722541, 0
722612, 0
723062, 0
724098, 0
724254, 0
724854, 0
725053, 0
726349, 0
726507, 0
726711, 0
726989, 0
727016, 0
727378, 0
727436, 0
727693, 0
728214, 0
728366, 0
728497, 0
728547, 0
728816, 0
729294, 0
729908, 0
730123, 0
730368, 0
731100, 0
731571, 0
731644, 0
731672, 0
731776, 0
731797, 0
731972, 0
732186, 0
732589, 0
732634, 0
732690, 0
733117, 0
733283, 0
733658, 0
733928, 0
733993, 0
734022, 0
734408, 0
735024, 0
735465, 0
735509, 0
735512, 0
735571, 0
736085, 0
736582, 0
736599, 0
736643, 0
736753, 0
736785, 0
736859, 0
737041, 0
737087, 0
737482, 0
737633, 0
737667, 0
737889, 0
737955, 0
737981, 0
738133, 0
738248, 0
738614, 0
739106, 0
739310, 0
739522, 0
739763, 0
739849, 0
739858, 0
740412, 0
740645, 0
740694, 0
741339, 0
741361, 0
741622, 0
741793, 0
741839, 0
741934, 0
743313, 0
743373, 0
743450, 0
744073, 0
744556, 0
744561, 0
744640, 0
744775, 0
745180, 0
745367, 0
745665, 0
745707, 0
745880, 0
745923, 0
745959, 0
746109, 0
746235, 0
746341, 0
746354, 0
746368, 0
746453, 0
746597, 0
746637, 0
746678, 0
746821, 0
746837, 0
747115, 0
747198, 0
747403, 0
747418, 0
747457, 0
747570, 0
747994, 0
748173, 0
748479, 0
748516, 0
748632, 0
749715, 0
749753, 0
750274, 0
750715, 0
750869, 0
750956, 0
751062, 0
751114, 0
751258, 0
751414, 0
751423, 0
751555, 0
751562, 0
752192, 0
752230, 0
752322, 0
752731, 0
752747, 0
752817, 0
753313, 0
753616, 0
753987, 0
754007, 0
754091, 0
754112, 0
754259, 0
754334, 0
754372, 0
754486, 0
754711, 0
754764, 0
754793, 0
754862, 0
754894, 0
755002, 0
755479, 0
755490, 0
755544, 0
756328, 0
756420, 0
756442, 0
756544, 0
757078, 0
757247, 0
757269, 0
757359, 0
757613, 0
757643, 0
757667, 0
757716, 0
758250, 0
758251, 0
758569, 0
758613, 0
758657, 0
758954, 0
758963, 0
759685, 0
759702, 0
759799, 0
759814, 0
760070, 0
760074, 0
760446, 0
760518, 0
760523, 0
761083, 0
761120, 0
761436, 0
761455, 0
761525, 0
761611, 0
762305, 0
762440, 0
762635, 0
762919, 0
762927, 0
763084, 0
763121, 0
763188, 0
763211, 0
763519, 0
763856, 0
764085, 0
764714, 0
764802, 0
764923, 0
765020, 0
765117, 0
765312, 0
765644, 0
765784, 0
766157, 0
766938, 0
767379, 0
767506, 0
768392, 0
768566, 0
768688, 0
768701, 0
768833, 0
769369, 0
769407, 0
770761, 0
772309, 0
772567, 0
772647, 0
772689, 0
772738, 0
772929, 0
773107, 0
773509, 0
773650, 0
773655, 0
774210, 0
774308, 0
774728, 0
775241, 0
775288, 0
775712, 0
776632, 0
776935, 0
777105, 0
777166, 0
777377, 0
777470, 0
777642, 0
777675, 0
777942, 0
777963, 0
778014, 0
778136, 0
778221, 0
778508, 0
778545, 0
778566, 0
778609, 0
778713, 0
779003, 0
779058, 0
779076, 0
779096, 0
779139, 0
779276, 0
779547, 0
779861, 0
779980, 0
780120, 0
780190, 0
781177, 0
781434, 0
781488, 0
781603, 0
781934, 0
782031, 0
782214, 0
782284, 0
782626, 0
782637, 0
782702, 0
782974, 0
783400, 0
783569, 0
783672, 0
783774, 0
783867, 0
784143, 0
784160, 0
784253, 0
784366, 0
784497, 0
784664, 0
784824, 0
784846, 0
784968, 0
785015, 0
785170, 0
785335, 0
785526, 0
785814, 0
786053, 0
786276, 0
786282, 0
787103, 0
787144, 0
787304, 0
788140, 0
788313, 0
788317, 0
788949, 0
789382, 0
789888, 0
790084, 0
790155, 0
790217, 0
790233, 0
790941, 0
791407, 0
791598, 0
791633, 0
791645, 0
791906, 0
792217, 0
792585, 0
792761, 0
792787, 0
793249, 0
793264, 0
793292, 0
793737, 0
793796, 0
795522, 0
795651, 0
795861, 0
795931, 0
796019, 0
796600, 0
796828, 0
797168, 0
797250, 0
797537, 0
797574, 0
797780, 0
798090, 0
798235, 0
798591, 0
798642, 0
799126, 0
799248, 0
799330, 0
799371, 0
799492, 0
799648, 0
799682, 0
799713, 0
800170, 0
800245, 0
800372, 0
800650, 0
800879, 0
800980, 0
801297, 0
801327, 0
801333, 0
801735, 0
801801, 0
802025, 0
802187, 0
802363, 0
802837, 0
803323, 0
803845, 0
804063, 0
804107, 0
804520, 0
804560, 0
804567, 0
804773, 0
804881, 0
805477, 0
805489, 0
805615, 0
805745, 0
805837, 0
805951, 0
806231, 0
806453, 0
807046, 0
807178, 0
807363, 0
807526, 0
807545, 0
807611, 0
807631, 0
807660, 0
807763, 0
807825, 0
807881, 0
807892, 0
808312, 0
808481, 0
808499, 0
808521, 0
808598, 0
808632, 0
809597, 0
809673, 0
809997, 0
810205, 0
810464, 0
810558, 0
810687, 0
810699, 0
810882, 0
811584, 0
811699, 0
812192, 0
812457, 0
812675, 0
812816, 0
812991, 0
813583, 0
813854, 0
814072, 0
814081, 0
814125, 0
814155, 0
814249, 0
814987, 0
815367, 0
815533, 0
815809, 0
815835, 0
815908, 0
815966, 0
816087, 0
816094, 0
816109, 0
816305, 0
816344, 0
816371, 0
816397, 0
816698, 0
816759, 0
816830, 0
817015, 0
817055, 0
817159, 0
817163, 0
818108, 0
818171, 0
818261, 0
818387, 0
818582, 0
818652, 0
818723, 0
818789, 0
818936, 0
819001, 0
819249, 0
819545, 0
820033, 0
820679, 0
820855, 0
820883, 0
821127, 0
821274, 0
821406, 0
821552, 0
821553, 0
822736, 0
822875, 0
823327, 0
823344, 0
823471, 0
823922, 0
824492, 0
824538, 0
824588, 0
824613, 0
824620, 0
825239, 0
825276, 0
825350, 0
825352, 0
825582, 0
825675, 0
826458, 0
826996, 0
827091, 0
827662, 0
827914, 0
828112, 0
828336, 0
828663, 0
828820, 0
828997, 0
829244, 0
829443, 0
829614, 0
829852, 0
830000, 0
830012, 0
830107, 0
830155, 0
830277, 0
830488, 0
830664, 0
831067, 0
831590, 0
832441, 0
833160, 0
833292, 0
833781, 0
833834, 0
834347, 0
834786, 0
834823, 0
834997, 0
835021, 0
835038, 0
835058, 0
835074, 0
835546, 0
835547, 0
835766, 0
835864, 0
836116, 0
836188, 0
836482, 0
836866, 0
837275, 0
837321, 0
837467, 0
838191, 0
838860, 0
839045, 0
839460, 0
840274, 0
840429, 0
840600, 0
840981, 0
841106, 0
841173, 0
841532, 0
841539, 0
841571, 0
841598, 0
841893, 0
843766, 0
844021, 0
844067, 0
844765, 0
844968, 0
845399, 0
845947, 0
846234, 0
846242, 0
846619, 0
848210, 0
848469, 0
848489, 0
848583, 0
848700, 0
848760, 0
848888, 0
849240, 0
849931, 0
850358, 0
850390, 0
850475, 0
850977, 0
851242, 0
851354, 0
851373, 0
851467, 0
851960, 0
852270, 0
852436, 0
852503, 0
852629, 0
852730, 0
853035, 0
853342, 0
853355, 0
853861, 0
853930, 0
854173, 0
854188, 0
854683, 0
854801, 0
855770, 0
855953, 0
856057, 0
856410, 0
856585, 0
856635, 0
856906, 0
857410, 0
857866, 0
858184, 0
858647, 0
858906, 0
859333, 0
859486, 0
859730, 0
861252, 0
861480, 0
861484, 0
861754, 0
862154, 0
862211, 0
862326, 0
862439, 0
862445, 0
862606, 0
862912, 0
862976, 0
862984, 0
864226, 0
864239, 0
864485, 0
865054, 0
865330, 0
865416, 0
865452, 0
865501, 0
865825, 0
866353, 0
867302, 0
868128, 0
868365, 0
868621, 0
868651, 0
868742, 0
869272, 0
869378, 0
869918, 0
870225, 0
870446, 0
870555, 0
870675, 0
870846, 0
871339, 0
871530, 0
871661, 0
871877, 0
871957, 0
872082, 0
872084, 0
872266, 0
872536, 0
873074, 0
873497, 0
874124, 0
874244, 0
874443, 0
874825, 0
874858, 0
874907, 0
874944, 0
875082, 0
875195, 0
875278, 0
875351, 0
875391, 0
875406, 0
875531, 0
876058, 0
876326, 0
876704, 0
876800, 0
876983, 0
877463, 0
877537, 0
877574, 0
877713, 0
878639, 0
879198, 0
879797, 0
880212, 0
880401, 0
880781, 0
880824, 0
881418, 0
881500, 0
882767, 0
882913, 0
883302, 0
883504, 0
883675, 0
883722, 0
883732, 0
883845, 0
884054, 0
884232, 0
884252, 0
884483, 0
884599, 0
884768, 0
884778, 0
885056, 0
885255, 0
885312, 0
885321, 0
885427, 0
885429, 0
885437, 0
885453, 0
885566, 0
885618, 0
885855, 0
885860, 0
885912, 0
886122, 0
886204, 0
886320, 0
886578, 0
886658, 0
886694, 0
886706, 0
886739, 0
886815, 0
886839, 0
886948, 0
887457, 0
887874, 0
888022, 0
888123, 0
888319, 0
888575, 0
888878, 0
889138, 0
889409, 0
890148, 0
890587, 0
890880, 0
891089, 0
891118, 0
891420, 0
891793, 0
891794, 0
892278, 0
892897, 0
893449, 0
893521, 0
893656, 0
893798, 0
893972, 0
894517, 0
894643, 0
894701, 0
894830, 0
895340, 0
895509, 0
895745, 0
895761, 0
896386, 0
896540, 0
896853, 0
897025, 0
897032, 0
897442, 0
897617, 0
897911, 0
898258, 0
898750, 0
898953, 0
899034, 0
899045, 0
899046, 0
899323, 0
899661, 0
899747, 0
899756, 0
899870, 0
900067, 0
900578, 0
900636, 0
900954, 0
900968, 0
901589, 0
901673, 0
901842, 0
902591, 0
902907, 0
902911, 0
903328, 0
904852, 0
904936, 0
905115, 0
905872, 0
905945, 0
906162, 0
906207, 0
906343, 0
906902, 0
907080, 0
907135, 0
907542, 0
907652, 0
907995, 0
908114, 0
908346, 0
908354, 0
909209, 0
909241, 0
909435, 0
909482, 0
909668, 0
909728, 0
909765, 0
909917, 0
909926, 0
909938, 0
910124, 0
910152, 0
910870, 0
910923, 0
911236, 0
911289, 0
911330, 0
911438, 0
911700, 0
911825, 0
912321, 0
912365, 0
912369, 0
912757, 0
912805, 0
913236, 0
913298, 0
913307, 0
913674, 0
913752, 0
914621, 0
914656, 0
914666, 0
915033, 0
915232, 0
915242, 0
915306, 0
915647, 0
915840, 0
915942, 0
916280, 0
916429, 0
916566, 0
917064, 0
917356, 0
917898, 0
918331, 0
918471, 0
918482, 0
918889, 0
919346, 0
919713, 0
919789, 0
919834, 0
919900, 0
919971, 0
920369, 0
920659, 0
920749, 0
920970, 0
921142, 0
921533, 0
921839, 0
922026, 0
922222, 0
922326, 0
922495, 0
923479, 0
923494, 0
923660, 0
923797, 0
923910, 0
924089, 0
924203, 0
925123, 0
925663, 0
925695, 0
925727, 0
925732, 0
927120, 0
927272, 0
927327, 0
927394, 0
927515, 0
927989, 0
927996, 0
928358, 0
928593, 0
928616, 0
928748, 0
929254, 0
929347, 0
929364, 0
929416, 0
929523, 0
929822, 0
930150, 0
931337, 0
932012, 0
932060, 0
933121, 0
933497, 0
934867, 0
935043, 0
935896, 0
936177, 0
936714, 0
936927, 0
937117, 0
937586, 0
938536, 0
939827, 0
940326, 0
940539, 0
940734, 0
940913, 0
941069, 0
941570, 0
942201, 0
942304, 0
942325, 0
942403, 0
943044, 0
943867, 0
944153, 0
944345, 0
944936, 0
945026, 0
945192, 0
945480, 0
945483, 0
945523, 0
945596, 0
945880, 0
945980, 0
946070, 0
946099, 0
946222, 0
946555, 0
946916, 0
946941, 0
947033, 0
947139, 0
947408, 0
948159, 0
948167, 0
948590, 0
948674, 0
948717, 0
949071, 0
949217, 0
949330, 0
949485, 0
949751, 0
949757, 0
949843, 0
949890, 0
950037, 0
950071, 0
950081, 0
950178, 0
950407, 0
950701, 0
950854, 0
951052, 0
951216, 0
951263, 0
951822, 0
952512, 0
953239, 0
953328, 0
953561, 0
953565, 0
953913, 0
954614, 0
954620, 0
954826, 0
954974, 0
955083, 0
955120, 0
955275, 0
955489, 0
955977, 0
956484, 0
956859, 0
956988, 0
957176, 0
957476, 0
958069, 0
958937, 0
959053, 0
959130, 0
959287, 0
959729, 0
959940, 0
960015, 0
960062, 0
960188, 0
960543, 0
960671, 0
960706, 0
961554, 0
961571, 0
961633, 0
961867, 0
961921, 0
962478, 0
962583, 0
962725, 0
962936, 0
963107, 0
963466, 0
963516, 0
963943, 0
964095, 0
964195, 0
964215, 0
964269, 0
964291, 0
964374, 0
964448, 0
964908, 0
965279, 0
965452, 0
965494, 0
965511, 0
965756, 0
965792, 0
965985, 0
966482, 0
966668, 0
966676, 0
967107, 0
967246, 0
967374, 0
967381, 0
967714, 0
967908, 0
967968, 0
968755, 0
969019, 0
969290, 0
969334, 0
969411, 0
969708, 0
969824, 0
969833, 0
969964, 0
969981, 0
970099, 0
970355, 0
970533, 0
970852, 0
970940, 0
971085, 0
971221, 0
971346, 0
971355, 0
971360, 0
971413, 0
971491, 0
971560, 0
971590, 0
971689, 0
971732, 0
971988, 0
972089, 0
972100, 0
972580, 0
972645, 0
973013, 0
973135, 0
973276, 0
973518, 0
973591, 0
974133, 0
974178, 0
974194, 0
974220, 0
974377, 0
974519, 0
974814, 0
975019, 0
975025, 0
975433, 0
975530, 0
975570, 0
975685, 0
975759, 0
975770, 0
975805, 0
975925, 0
975952, 0
976039, 0
976163, 0
976179, 0
976183, 0
976200, 0
976983, 0
977625, 0
977752, 0
977789, 0
977829, 0
977886, 0
978009, 0
978124, 0
978448, 0
978754, 0
978776, 0
978915, 0
979248, 0
979440, 0
979595, 0
979779, 0
979804, 0
980206, 0
980669, 0
980726, 0
980755, 0
981957, 0
982224, 0
982404, 0
982468, 0
982540, 0
983065, 0
983303, 0
983315, 0
983320, 0
983359, 0
983994, 0
984006, 0
984123, 0
984232, 0
984654, 0
984762, 0
984852, 0
985085, 0
985640, 0
985706, 0
985757, 0
986258, 0
986328, 0
986338, 0
987024, 0
987655, 0
988437, 0
988898, 0
989000, 0
989611, 0
989769, 0
991114, 0
991581, 0
991859, 0
991903, 0
992006, 0
992182, 0
992295, 0
992376, 0
992433, 0
993067, 0
993098, 0
993329, 0
994192, 0
994352, 0
994435, 0
994493, 0
994574, 0
994643, 0
994704, 0
995046, 0
995206, 0
995323, 0
995517, 0
995800, 0
995831, 0
995878, 0
995964, 0
996241, 0
996304, 0
996487, 0
996721, 0
996732, 0
996891, 0
997108, 0
997162, 0
997319, 0
997640, 0
997664, 0
997795, 0
997922, 0
998224, 0
998246, 0
998266, 0
998445, 0
998535, 0
998627, 0
998834, 0
999017, 0
999114, 0
999122, 0
999147, 0
999312, 0
999535, 0
999874, 0
1000240, 0
1000921, 0
1001227, 0
1001233, 0
1001305, 0
1001450, 0
1001468, 0
1001700, 0
1002122, 0
1002180, 0
1002232, 0
1002637, 0
1002784, 0
1002899, 0
1002980, 0
1003596, 0
1003892, 0
1003947, 0
1004471, 0
1004990, 0
1005145, 0
1005177, 0
1005546, 0
1005618, 0
1006569, 0
1006636, 0
1006793, 0
1007249, 0
1007445, 0
1007696, 0
1007953, 0
1007990, 0
1008102, 0
1008419, 0
1008762, 0
1008923, 0
1009287, 0
1009698, 0
1009903, 0
1010014, 0
1010204, 0
1010503, 0
1011044, 0
1011156, 0
1011227, 0
1011243, 0
1011473, 0
1011508, 0
1011557, 0
1011896, 0
1012523, 0
1012616, 0
1012678, 0
1013519, 0
1014369, 0
1014464, 0
1014548, 0
1014596, 0
1014825, 0
1015190, 0
1015203, 0
1015558, 0
1016065, 0
1016579, 0
1017283, 0
1017310, 0
1017314, 0
1017566, 0
1017845, 0
1017985, 0
1018480, 0
1018541, 0
1018562, 0
1018710, 0
1018822, 0
1018954, 0
1019096, 0
1019266, 0
1019272, 0
1019365, 0
1019526, 0
1019531, 0
1019651, 0
1019686, 0
1019707, 0
1019708, 0
1020184, 0
1020196, 0
1020341, 0
1020507, 0
1021472, 0
1022078, 0
1022551, 0
1022571, 0
1022595, 0
1022636, 0
1022660, 0
1022848, 0
1023016, 0
1023526, 0
1023865, 0
1024073, 0
1024446, 0
1025585, 0
1025747, 0
1026895, 0
1027268, 0
1027536, 0
1027971, 0
1028020, 0
1028275, 0
1028307, 0
1028736, 0
1028778, 0
1029377, 0
1029397, 0
1029944, 0
1030320, 0
1030499, 0
1030587, 0
1031456, 0
1032173, 0
1032509, 0
1032928, 0
1032968, 0
1033094, 0
1033233, 0
1033734, 0
1033846, 0
1033912, 0
1034782, 0
1034940, 0
1034993, 0
1035409, 0
1035644, 0
1035910, 0
1035933, 0
1036388, 0
1036560, 0
1036985, 0
1037110, 0
1037269, 0
1037345, 0
1038402, 0
1038858, 0
1038960, 0
1039052, 0
1039225, 0
1039553, 0
1040670, 0
1040742, 0
1040769, 0
1040821, 0
1041039, 0
1041053, 0
1041178, 0
1041184, 0
1041273, 0
1041461, 0
1041482, 0
1042157, 0
1042446, 0
1042969, 0
1043072, 0
1043229, 0
1043488, 0
1043658, 0
1043859, 0
1043992, 0
1044853, 0
1045267, 0
1045272, 0
1045337, 0
1046018, 0
1046069, 0
1046755, 0
1047226, 0
1047980, 0
1048808, 0
1049334, 0
1049382, 0
1050309, 0
1050395, 0
1050474, 0
1050577, 0
1050599, 0
1050652, 0
1051801, 0
1052186, 0
1053135, 0
1053163, 0
1053671, 0
1053914, 0
1054093, 0
1054363, 0
1055360, 0
1056082, 0
1056118, 0
1056124, 0
1056281, 0
1056489, 0
1056503, 0
1056569, 0
1056639, 0
1056912, 0
1056947, 0
1057336, 0
1057548, 0
1057642, 0
1057683, 0
1057687, 0
1057728, 0
1057802, 0
1057913, 0
1058435, 0
1058582, 0
1058603, 0
1059136, 0
1059242, 0
1059349, 0
1061048, 0
1061217, 0
1061257, 0
1061388, 0
1061624, 0
1062536, 0
1062539, 0
1062722, 0
1062992, 0
1063004, 0
1063228, 0
1063574, 0
1063705, 0
1063897, 0
1064314, 0
1064461, 0
1064487, 0
1064505, 0
1064582, 0
1064679, 0
1064896, 0
1065148, 0
1065149, 0
1065202, 0
1065270, 0
1065301, 0
1065369, 0
1065703, 0
1066513, 0
1066591, 0
1066739, 0
1066771, 0
1067090, 0
1067585, 0
1067635, 0
1067963, 0
1068004, 0
1068587, 0
1069001, 0
1069889, 0
1070020, 0
1070528, 0
1070842, 0
1070871, 0
1071344, 0
1071722, 0
1071785, 0
1072171, 0
1072527, 0
1072571, 0
1072979, 0
1073168, 0
1073720, 0
1073947, 0
1074379, 0
1074572, 0
1074977, 0
1075016, 0
1075208, 0
1075315, 0
1075367, 0
1075418, 0
1075435, 0
1075724, 0
1075768, 0
1076168, 0
1076272, 0
1077111, 0
1077116, 0
1077127, 0
1077186, 0
1077212, 0
1077416, 0
1077538, 0
1077766, 0
1078083, 0
1078599, 0
1078887, 0
1079048, 0
1079069, 0
1079931, 0
1080304, 0
1080626, 0
1080637, 0
1080687, 0
1080905, 0
1081372, 0
1081449, 0
1082121, 0
1082537, 0
1082716, 0
1082805, 0
1083042, 0
1083421, 0
1083570, 0
1083669, 0
1083772, 0
1084289, 0
1084511, 0
1084524, 0
1084571, 0
1084730, 0
1084833, 0
1085362, 0
1085791, 0
1087243, 0
1087523, 0
1088192, 0
1088325, 0
1088490, 0
1088562, 0
1088586, 0
1088633, 0
1088781, 0
1089434, 0
1089775, 0
1089954, 0
1090662, 0
1090918, 0
1090969, 0
1091350, 0
1091576, 0
1091706, 0
1091765, 0
1091805, 0
1091842, 0
1091931, 0
1092413, 0
1092484, 0
1092738, 0
1093142, 0
1093272, 0
1093364, 0
1093855, 0
1094113, 0
1094248, 0
1094379, 0
1094575, 0
1094670, 0
1094743, 0
1094800, 0
1094843, 0
1094861, 0
1095810, 0
1096040, 0
1096523, 0
1096645, 0
1096650, 0
1096898, 0
1097038, 0
1097077, 0
1097122, 0
1097196, 0
1097682, 0
1097862, 0
1099887, 0
1100110, 0
1100613, 0
1101010, 0
1101055, 0
1102619, 0
1102874, 0
1103020, 0
1103594, 0
1103847, 0
1104049, 0
1104117, 0
1104236, 0
1104373, 0
1104422, 0
1104786, 0
1104920, 0
1105372, 0
1105515, 0
1105579, 0
1105586, 0
1105592, 0
1105926, 0
1105955, 0
1106618, 0
1106642, 0
1106723, 0
1106747, 0
1106878, 0
1107215, 0
1107335, 0
1107369, 0
1107440, 0
1107530, 0
1107688, 0
1107948, 0
1108432, 0
1108598, 0
1108646, 0
1108760, 0
1109119, 0
1109329, 0
1109394, 0
1109894, 0
1110174, 0
1110561, 0
1110647, 0
1110815, 0
1110871, 0
1111122, 0
1111127, 0
1111434, 0
1111617, 0
1111689, 0
1111699, 0
1111809, 0
1111997, 0
1112805, 0
1113051, 0
1113056, 0
1113153, 0
1113178, 0
1113401, 0
1115022, 0
1115325, 0
1116049, 0
1116392, 0
1116507, 0
1116709, 0
1116724, 0
1117819, 0
1117926, 0
1118301, 0
1118306, 0
1118617, 0
1118642, 0
1118790, 0
1118863, 0
1119205, 0
1119213, 0
1119344, 0
1119585, 0
1119854, 0
1119945, 0
1120055, 0
1120494, 0
1120930, 0
1121004, 0
1121269, 0
1122713, 0
1123122, 0
1123161, 0
1123562, 0
1123563, 0
1124253, 0
1124575, 0
1124948, 0
1125028, 0
1125105, 0
1125614, 0
1125816, 0
1126088, 0
1126113, 0
1126123, 0
1126308, 0
1126914, 0
1126971, 0
1127384, 0
1127695, 0
1128301, 0
1128815, 0
1129148, 0
1129236, 0
1129621, 0
1129849, 0
1129948, 0
1130496, 0
1130535, 0
1131040, 0
1131088, 0
1131109, 0
1131823, 0
1131927, 0
1132158, 0
1132299, 0
1133290, 0
1133307, 0
1133862, 0
1134042, 0
1134399, 0
1134669, 0
1134985, 0
1135773, 0
1135850, 0
1136162, 0
1136353, 0
1136421, 0
1136552, 0
1136905, 0
1136951, 0
1137101, 0
1137342, 0
1137559, 0
1137639, 0
1137696, 0
1137701, 0
1137809, 0
1137831, 0
1137935, 0
1138066, 0
1138251, 0
1138426, 0
1138494, 0
1138601, 0
1138609, 0
1138735, 0
1138926, 0
1138952, 0
1138967, 0
1139176, 0
1139180, 0
1139560, 0
1139732, 0
1139738, 0
1139787, 0
1140088, 0
1140169, 0
1140181, 0
1140410, 0
1140478, 0
1141104, 0
1141121, 0
1141193, 0
1141567, 0
1141714, 0
1141961, 0
1142332, 0
1142650, 0
1142911, 0
1143063, 0
1143539, 0
1143659, 0
1143700, 0
1143734, 0
1143771, 0
1143992, 0
1144077, 0
1144166, 0
1144255, 0
1144355, 0
1144759, 0
1145285, 0
1145448, 0
1145853, 0
1145920, 0
1146232, 0
1146344, 0
1146707, 0
1147440, 0
1147461, 0
1147939, 0
1147948, 0
1148125, 0
1148479, 0
1148970, 0
1149282, 0
1149582, 0
1149670, 0
1149772, 0
1150129, 0
1150400, 0
1150410, 0
1150505, 0
1150595, 0
1151242, 0
1151388, 0
1151512, 0
1151783, 0
1152626, 0
1153461, 0
1153799, 0
1153867, 0
1154020, 0
1154431, 0
1155107, 0
1155568, 0
1155955, 0
1156312, 0
1156315, 0
1156554, 0
1156826, 0
1159041, 0
1159411, 0
1159440, 0
1159687, 0
1159894, 0
1160240, 0
1161701, 0
1161785, 0
1161868, 0
1162182, 0
1162280, 0
1162779, 0
1162854, 0
1163147, 0
1163201, 0
1163457, 0
1164250, 0
1164435, 0
1164727, 0
1165341, 0
1165577, 0
1167336, 0
1167460, 0
1167618, 0
1167723, 0
1167877, 0
1168177, 0
1168344, 0
1168619, 0
1168643, 0
1168788, 0
1169135, 0
1169572, 0
1169597, 0
1169692, 0
1169876, 0
1170392, 0
1170443, 0
1170894, 0
1170941, 0
1171117, 0
1171176, 0
1171227, 0
1171240, 0
1171908, 0
1172278, 0
1172439, 0
1172627, 0
1172930, 0
1173148, 0
1173288, 0
1173342, 0
1173525, 0
1174325, 0
1174492, 0
1174499, 0
1174583, 0
1174708, 0
1174973, 0
1175165, 0
1175223, 0
1175268, 0
1175272, 0
1175543, 0
1175653, 0
1175737, 0
1176187, 0
1176243, 0
1176283, 0
1176398, 0
1176927, 0
1177117, 0
1177532, 0
1178277, 0
1178318, 0
1178361, 0
1178395, 0
1178439, 0
1178503, 0
1179151, 0
1179290, 0
1179344, 0
1179369, 0
1179450, 0
1179465, 0
1179609, 0
1179616, 0
1179626, 0
1179644, 0
1179892, 0
1179992, 0
1180137, 0
1180188, 0
1180410, 0
1180656, 0
1181126, 0
1181623, 0
1182579, 0
1182706, 0
1182816, 0
1183184, 0
1183200, 0
1183619, 0
1183988, 0
1184084, 0
1184088, 0
1184094, 0
1184123, 0
1184287, 0
1184364, 0
1184938, 0
1185299, 0
1185577, 0
1185766, 0
1185775, 0
1185883, 0
1185917, 0
1186154, 0
1186218, 0
1186228, 0
1186457, 0
1186651, 0
1187482, 0
1187563, 0
1187982, 0
1188097, 0
1188370, 0
1188478, 0
1188624, 0
1189015, 0
1189213, 0
1189550, 0
1189580, 0
1190085, 0
1190629, 0
1190797, 0
1190900, 0
1191081, 0
1191151, 0
1191187, 0
1191253, 0
1191288, 0
1191582, 0
1191741, 0
1192087, 0
1192312, 0
1192594, 0
1192618, 0
1193088, 0
1193264, 0
1194493, 0
1194658, 0
1196141, 0
1196143, 0
1196194, 0
1196909, 0
1197276, 0
1197653, 0
1197796, 0
1197839, 0
1198148, 0
1198520, 0
1199368, 0
1200224, 0
1201505, 0
1201724, 0
1201796, 0
1201807, 0
1202251, 0
1202432, 0
1202440, 0
1202738, 0
1202870, 0
1203476, 0
1203543, 0
1203660, 0
1203772, 0
1203980, 0
1204158, 0
1204568, 0
1204881, 0
1204978, 0
1205149, 0
1205162, 0
1205247, 0
1205701, 0
1205779, 0
1206138, 0
1207353, 0
1207372, 0
1207501, 0
1207551, 0
1207555, 0
1207559, 0
1208144, 0
1208405, 0
1208742, 0
1208766, 0
1208844, 0
1208862, 0
1208863, 0
1208943, 0
1208991, 0
1209135, 0
1209800, 0
1210628, 0
1211036, 0
1211720, 0
1211846, 0
1212362, 0
1212512, 0
1212520, 0
1212571, 0
1212683, 0
1212973, 0
1213550, 0
1213624, 0
1213721, 0
1214117, 0
1214130, 0
1214139, 0
1214386, 0
1214571, 0
1214984, 0
1215303, 0
1215738, 0
1216435, 0
1216543, 0
1216573, 0
1216665, 0
1217292, 0
1217339, 0
1217451, 0
1217725, 0
1217957, 0
1217989, 0
1218189, 0
1218198, 0
1218482, 0
1218699, 0
1219117, 0
1219143, 0
1219217, 0
1219312, 0
1219634, 0
1219732, 0
1219816, 0
1219939, 0
1220219, 0
1220220, 0
1220228, 0
1220535, 0
1220637, 0
1221103, 0
1221160, 0
1221175, 0
1221339, 0
1221995, 0
1222031, 0
1222060, 0
1222124, 0
1222195, 0
1222426, 0
1222664, 0
1222688, 0
1223194, 0
1223236, 0
1223470, 0
1223707, 0
1223783, 0
1223796, 0
1223995, 0
1224193, 0
1224667, 0
1224845, 0
1225161, 0
1225225, 0
1225265, 0
1225518, 0
1225714, 0
1225752, 0
1225932, 0
1226302, 0
1226308, 0
1226591, 0
1228844, 0
1229087, 0
1229235, 0
1229239, 0
1229304, 0
1229425, 0
1229467, 0
1229639, 0
1229750, 0
1229868, 0
1229938, 0
1230902, 0
1231033, 0
1231549, 0
1231623, 0
1231825, 0
1231835, 0
1231857, 0
1231893, 0
1232298, 0
1232377, 0
1233128, 0
1233518, 0
1233558, 0
1233691, 0
1233708, 0
1233853, 0
1234162, 0
1234428, 0
1234749, 0
1234921, 0
1234979, 0
1235181, 0
1235332, 0
1235488, 0
1235876, 0
1236051, 0
1236075, 0
1236139, 0
1236168, 0
1236172, 0
1236550, 0
1236769, 0
1236946, 0
1237231, 0
1237729, 0
1237818, 0
1238187, 0
1238419, 0
1238788, 0
1238864, 0
1239044, 0
1239193, 0
1239214, 0
1239242, 0
1239307, 0
1239428, 0
1239509, 0
1239540, 0
1239551, 0
1239586, 0
1239598, 0
1239627, 0
1239663, 0
1239771, 0
1239838, 0
1240156, 0
1240559, 0
1240726, 0
1241190, 0
1241619, 0
1241656, 0
1241854, 0
1241865, 0
1241953, 0
1242042, 0
1242217, 0
1242227, 0
1242503, 0
1242593, 0
1242596, 0
1243055, 0
1243276, 0
1243832, 0
1244887, 0
1245182, 0
1245199, 0
1245821, 0
1245891, 0
1246114, 0
1246245, 0
1246513, 0
1246903, 0
1247354, 0
1247526, 0
1247841, 0
1247872, 0
1248828, 0
1249275, 0
1250030, 0
1250712, 0
1250803, 0
1250809, 0
1250877, 0
1251957, 0
1252022, 0
1252111, 0
1252172, 0
1252579, 0
1253290, 0
1253312, 0
1253774, 0
1254036, 0
1254272, 0
1254376, 0
1255444, 0
1255643, 0
1255753, 0
1256419, 0
1256443, 0
1256618, 0
1256871, 0
1257090, 0
1257098, 0
1257334, 0
1258000, 0
1258452, 0
1258560, 0
1259497, 0
1259728, 0
1260136, 0
1260484, 0
1260751, 0
1261049, 0
1261320, 0
1261384, 0
1261490, 0
1261746, 0
1262247, 0
1262300, 0
1262553, 0
1262721, 0
1263262, 0
1263285, 0
1263525, 0
1263564, 0
1264098, 0
1264706, 0
1265211, 0
1265559, 0
1265875, 0
1266161, 0
1266376, 0
1266584, 0
1266634, 0
1266749, 0
1266898, 0
1266928, 0
1266981, 0
1267327, 0
1267640, 0
1267790, 0
1268187, 0
1268299, 0
1268435, 0
1268504, 0
1268603, 0
1268924, 0
1269255, 0
1270129, 0
1270432, 0
1270600, 0
1271101, 0
1271294, 0
1271307, 0
1271415, 0
1271689, 0
1272389, 0
1272745, 0
1272758, 0
1273210, 0
1273468, 0
1273689, 0
1273828, 0
1274003, 0
1274101, 0
1274149, 0
1274160, 0
1274175, 0
1274289, 0
1274353, 0
1274766, 0
1274823, 0
1275206, 0
1275400, 0
1275745, 0
1275992, 0
1276071, 0
1276133, 0
1276165, 0
1277001, 0
1277107, 0
1277273, 0
1277280, 0
1277640, 0
1277909, 0
1278559, 0
1279716, 0
1279837, 0
1280069, 0
1280804, 0
1281984, 0
1282337, 0
1282600, 0
1282626, 0
1282761, 0
1282894, 0
1282944, 0
1283300, 0
1283319, 0
1283429, 0
1283488, 0
1283509, 0
1283549, 0
1283825, 0
1283827, 0
1284760, 0
1285290, 0
1285478, 0
1285654, 0
1286443, 0
1286491, 0
1286874, 0
1287731, 0
1287985, 0
1288544, 0
1288911, 0
1289018, 0
1289468, 0
1289500, 0
1289593, 0
1289720, 0
1290761, 0
1290886, 0
1291201, 0
1291637, 0
1291874, 0
1291886, 0
1292084, 0
1292086, 0
1292758, 0
1293686, 0
1293895, 0
1293992, 0
1294373, 0
1294585, 0
1294738, 0
1294761, 0
1295562, 0
1295753, 0
1295805, 0
1295889, 0
1296341, 0
1296345, 0
1296357, 0
1296555, 0
1296606, 0
1297678, 0
1297709, 0
1297836, 0
1297956, 0
1298058, 0
1298399, 0
1298539, 0
1299083, 0
1299351, 0
1299375, 0
1299390, 0
1299771, 0
1300102, 0
1300111, 0
1300351, 0
1300434, 0
1300461, 0
1300726, 0
1300778, 0
1301060, 0
1301082, 0
1301139, 0
1301353, 0
1301779, 0
1301784, 0
1301946, 0
1302419, 0
1302660, 0
1302681, 0
1302731, 0
1303045, 0
1303125, 0
1303338, 0
1303396, 0
1303677, 0
1303690, 0
1303907, 0
1303938, 0
1304334, 0
1304549, 0
1304660, 0
1304713, 0
1304848, 0
1304944, 0
1305006, 0
1305161, 0
1305237, 0
1305916, 0
1305987, 0
1306028, 0
1306038, 0
1306694, 0
1307029, 0
1307042, 0
1307292, 0
1307746, 0
1307914, 0
1308249, 0
1308497, 0
1308615, 0
1308825, 0
1308953, 0
1309496, 0
1309680, 0
1310669, 0
1311172, 0
1311429, 0
1311636, 0
1311804, 0
1311891, 0
1312543, 0
1313386, 0
1313758, 0
1314324, 0
1314858, 0
1315307, 0
1315324, 0
1315343, 0
1316359, 0
1316950, 0
1317574, 0
1317754, 0
1318387, 0
1318506, 0
1319003, 0
1319263, 0
1320703, 0
1320978, 0
1321089, 0
1321362, 0
1321454, 0
1321840, 0
1321958, 0
257403, 0
494340, 0
589173, 0
970234, 0
1020930, 0
1109333, 0
1194810, 0
1270715, 0
1311931, 0
828589, 0
942703, 0
323217, 0
549076, 0
513607, 0
724460, 0
758997, 0
953609, 0
1170672, 0
1106507, 0
452622, 0
15100, 0
15195, 0
23185, 0
47055, 0
53052, 0
73833, 0
90018, 0
90158, 0
92955, 0
95002, 0
107411, 0
109925, 0
136509, 0
150532, 0
153772, 0
156857, 0
208885, 0
214234, 0
220723, 0
235768, 0
241506, 0
241607, 0
276874, 0
291973, 0
295486, 0
295641, 0
309668, 0
310290, 0
325672, 0
325734, 0
326602, 0
379811, 0
390295, 0
407238, 0
418782, 0
436303, 0
438078, 0
442348, 0
455857, 0
482231, 0
483417, 0
492464, 0
528357, 0
552313, 0
556231, 0
582240, 0
588604, 0
598174, 0
629664, 0
655058, 0
656250, 0
668044, 0
693700, 0
702728, 0
703841, 0
734764, 0
754229, 0
779235, 0
791314, 0
794039, 0
812359, 0
824347, 0
836293, 0
868527, 0
879789, 0
895447, 0
896306, 0
897135, 0
920546, 0
936249, 0
943811, 0
950054, 0
960486, 0
962716, 0
964061, 0
977680, 0
1007669, 0
1027895, 0
1032028, 0
1045332, 0
1049734, 0
1069044, 0
1088657, 0
1101456, 0
1114943, 0
1137302, 0
1140399, 0
1143720, 0
1151533, 0
1189648, 0
1189788, 0
1222979, 0
1230886, 0
1241946, 0
1261439, 0
1271159, 0
1273757, 0
1313971, 0
1175923, 0
832318, 0
4136, 0
58563, 0
107593, 0
117841, 0
149217, 0
151188, 0
155670, 0
155745, 0
157048, 0
179666, 0
188219, 0
197126, 0
203396, 0
236751, 0
277695, 0
281958, 0
311213, 0
311564, 0
332831, 0
335866, 0
360298, 0
386961, 0
397950, 0
406035, 0
407485, 0
414051, 0
438334, 0
447513, 0
477444, 0
478978, 0
480598, 0
492942, 0
511316, 0
523503, 0
527863, 0
541408, 0
565771, 0
567927, 0
573536, 0
575866, 0
583041, 0
591157, 0
605430, 0
640415, 0
647315, 0
668295, 0
705261, 0
708898, 0
710260, 0
714347, 0
724527, 0
732470, 0
744148, 0
781533, 0
787229, 0
788408, 0
789763, 0
798710, 0
802133, 0
803182, 0
816303, 0
820114, 0
833695, 0
836232, 0
859944, 0
865605, 0
884784, 0
898606, 0
901063, 0
909504, 0
917825, 0
920064, 0
968125, 0
968885, 0
969042, 0
998852, 0
1013765, 0
1032040, 0
1057062, 0
1073073, 0
1083715, 0
1110783, 0
1115114, 0
1136555, 0
1145839, 0
1152216, 0
1163346, 0
1176118, 0
1187789, 0
1195906, 0
1221120, 0
1227684, 0
1229219, 0
1244302, 0
1244796, 0
1256586, 0
1259943, 0
1263887, 0
1268475, 0
1292507, 0
1301615, 0
690810, 0
741383, 0
1148129, 0
211863, 0
1275370, 0
47625, 0
63208, 0
101188, 0
134245, 0
147230, 0
161945, 0
244650, 0
248813, 0
260221, 0
280557, 0
411484, 0
431819, 0
532774, 0
576431, 0
623387, 0
677316, 0
725716, 0
745970, 0
788769, 0
844006, 0
849748, 0
884154, 0
892027, 0
957825, 0
961712, 0
970830, 0
1001422, 0
1051094, 0
1061474, 0
1064840, 0
1120777, 0
1188845, 0
1243800, 0
1297790, 0
