1294703, 0.0251087
635929, 0.00124619
576495, 0.000927218
179304, 0.000732638
792398, 0.000463796
791719, 0.000311975
716521, 0.000178986
122685, 0.000157631
120830, 0.000146552
675494, 0.000140415
635866, 0.00013879
635884, 0.000132868
828826, 0.000130017
635888, 0.000127359
796049, 0.000119871
889330, 0.000115906
744384, 0.000108505
510549, 0.000100728
129561, 9.2743e-05
150746, 8.3574e-05
289395, 8.3569e-05
742396, 8.10053e-05
462726, 7.76845e-05
796280, 7.35309e-05
467798, 7.13642e-05
605127, 7.07192e-05
579661, 6.74391e-05
728271, 6.66624e-05
635876, 6.01576e-05
595003, 5.75648e-05
59169, 5.09423e-05
285141, 5.06095e-05
962978, 5.04068e-05
138153, 4.46534e-05
61802, 3.9836e-05
943658, 3.80319e-05
874578, 3.64735e-05
409166, 2.7074e-05
1186899, 2.47677e-05
378972, 2.42799e-05
340371, 2.39674e-05
949832, 2.30053e-05
280411, 2.23508e-05
623428, 2.01014e-05
357309, 1.9636e-05
635930, 1.5841e-05
972525, 1.29609e-05
252203, 1.26228e-05
1290871, 1.26095e-05
320656, 1.1972e-05
1063089, 1.12317e-05
1113659, 9.10091e-06
635863, 7.3032e-06
1183673, 6.71003e-06
519919, 6.41599e-06
156843, 6.38738e-06
313970, 5.69658e-06
494577, 5.37608e-06
711621, 4.98132e-06
129423, 4.94187e-06
193317, 4.9269e-06
574357, 4.64893e-06
151849, 4.57159e-06
333030, 3.76678e-06
360901, 3.56021e-06
615800, 3.45677e-06
1303131, 3.27131e-06
997749, 3.19727e-06
1108571, 3.13831e-06
781958, 3.01236e-06
125034, 2.92744e-06
508914, 2.84693e-06
613763, 2.83322e-06
756438, 2.82472e-06
290224, 2.69588e-06
1307835, 2.65377e-06
277136, 2.47922e-06
1318321, 2.35392e-06
529405, 2.25242e-06
93911, 2.20706e-06
40444, 2.1882e-06
216883, 1.90187e-06
295474, 1.87771e-06
638896, 1.85595e-06
398508, 1.84442e-06
916290, 1.83963e-06
57344, 1.81886e-06
242907, 1.81299e-06
658379, 1.80938e-06
93106, 1.80087e-06
716295, 1.72337e-06
45583, 1.7107e-06
1258811, 1.6676e-06
1107888, 1.65145e-06
59389, 1.60294e-06
1219944, 1.53413e-06
432981, 1.47156e-06
1091759, 1.45651e-06
33539, 1.37324e-06
1271315, 1.36462e-06
1045854, 1.29834e-06
540312, 1.27568e-06
205903, 1.25388e-06
508850, 1.16994e-06
759914, 1.16297e-06
461450, 1.09364e-06
23206, 1.05579e-06
1274208, 1.0252e-06
322681, 1.00608e-06
1108964, 9.36536e-07
393459, 9.33888e-07
75752, 8.91135e-07
453174, 8.67344e-07
1144512, 8.10413e-07
591716, 7.98469e-07
1003364, 7.94506e-07
1147544, 7.73349e-07
1102318, 7.53271e-07
188239, 7.46754e-07
1063526, 7.25498e-07
1049499, 7.15454e-07
1300304, 6.98041e-07
1062215, 6.96695e-07
405739, 6.92985e-07
1018320, 6.78078e-07
1080061, 6.72645e-07
107798, 6.67212e-07
437652, 6.52369e-07
315017, 6.50049e-07
580231, 6.48067e-07
978264, 6.45192e-07
1294496, 6.38261e-07
619089, 6.37974e-07
499418, 6.34272e-07
403259, 6.26496e-07
338274, 6.12758e-07
1212455, 6.11257e-07
953378, 6.09682e-07
976205, 6.06617e-07
1189862, 6.05393e-07
170774, 6.0326e-07
458880, 6.00431e-07
1028948, 5.83896e-07
1318972, 5.46117e-07
1059503, 5.38265e-07
601363, 5.33974e-07
1133139, 5.1892e-07
98732, 5.0446e-07
224999, 4.85831e-07
38100, 4.79363e-07
735560, 4.79213e-07
132597, 4.72517e-07
606973, 4.70681e-07
1241821, 4.57199e-07
158437, 4.55046e-07
875278, 4.46781e-07
529493, 4.45191e-07
432262, 4.29459e-07
560365, 4.13051e-07
605236, 4.05157e-07
72906, 3.93446e-07
58671, 3.89838e-07
76078, 3.85461e-07
1198847, 3.83697e-07
1041188, 3.80218e-07
1274149, 3.78966e-07
785559, 3.73128e-07
1111321, 3.64007e-07
1013047, 3.46439e-07
546891, 3.40791e-07
1321298, 3.35149e-07
120065, 3.31463e-07
533063, 3.27695e-07
1238979, 3.27163e-07
488416, 3.24235e-07
794038, 3.21893e-07
1026713, 3.18989e-07
800956, 3.18935e-07
663085, 3.16639e-07
133245, 3.12704e-07
504416, 3.08209e-07
251154, 3.04387e-07
509121, 2.95576e-07
734253, 2.93087e-07
910117, 2.90905e-07
982118, 2.88449e-07
45869, 2.80349e-07
801375, 2.79653e-07
202496, 2.78999e-07
221071, 2.76809e-07
1175802, 2.58068e-07
609575, 2.52581e-07
431210, 2.49997e-07
945281, 2.46176e-07
831727, 2.42597e-07
472775, 2.40836e-07
766938, 2.21047e-07
1045600, 2.00396e-07
124247, 1.99549e-07
264273, 1.96452e-07
524274, 1.96299e-07
427248, 1.91836e-07
223737, 1.88542e-07
1007249, 1.88229e-07
101081, 1.87933e-07
294644, 1.85669e-07
579945, 1.81985e-07
1178439, 1.77733e-07
796882, 1.75169e-07
960784, 1.72873e-07
1077505, 1.67716e-07
116551, 1.63203e-07
144979, 1.58031e-07
106833, 1.57484e-07
485791, 1.54095e-07
1034815, 1.48944e-07
322630, 1.48313e-07
1197652, 1.48199e-07
651965, 1.45192e-07
873865, 1.43866e-07
883915, 1.41361e-07
491428, 1.4132e-07
5055, 1.38509e-07
555048, 1.37277e-07
1278545, 1.3162e-07
799940, 1.31612e-07
431136, 1.29865e-07
309349, 1.29452e-07
3088, 1.29021e-07
456995, 1.27862e-07
239840, 1.25079e-07
858566, 1.20497e-07
478048, 1.16399e-07
1092326, 1.0837e-07
890380, 1.07496e-07
1094670, 1.05975e-07
562667, 1.03942e-07
678889, 1.02815e-07
1277205, 1.02498e-07
581420, 9.95189e-08
143245, 9.89248e-08
33814, 9.63019e-08
1137696, 9.61538e-08
1272884, 9.58676e-08
261815, 9.57379e-08
323742, 9.47739e-08
1003947, 9.46881e-08
766053, 9.34807e-08
145313, 9.19782e-08
10397, 9.09305e-08
1263525, 8.80623e-08
1110856, 8.72206e-08
102333, 8.58256e-08
231039, 8.56665e-08
495103, 8.54708e-08
579095, 8.06824e-08
752793, 7.99722e-08
81585, 7.85336e-08
1064314, 7.82165e-08
514688, 7.75221e-08
289304, 7.61327e-08
688197, 7.60909e-08
409235, 7.57319e-08
1083421, 7.4331e-08
1261397, 7.38663e-08
49119, 7.29044e-08
1283509, 7.14379e-08
40895, 7.13731e-08
436448, 7.10717e-08
110513, 6.97197e-08
1001495, 6.87845e-08
366058, 5.75531e-08
454542, 5.48443e-08
817240, 5.44122e-08
377974, 5.37601e-08
1226101, 5.26965e-08
440279, 5.2622e-08
523416, 5.1541e-08
370104, 5.08402e-08
1145853, 5.01641e-08
691401, 4.82757e-08
812991, 4.81436e-08
1149823, 4.79004e-08
235252, 4.78479e-08
584892, 4.76965e-08
330358, 4.7156e-08
309905, 4.59328e-08
722612, 4.39552e-08
461621, 4.39517e-08
972089, 4.32372e-08
429735, 4.28232e-08
609507, 4.25593e-08
1202870, 4.20961e-08
758613, 4.19101e-08
25584, 4.08536e-08
565473, 4.0298e-08
130996, 4.00512e-08
1223796, 3.93121e-08
455294, 3.73409e-08
578086, 3.72629e-08
580633, 3.69471e-08
174287, 3.65778e-08
798710, 3.60252e-08
540632, 3.56558e-08
805229, 3.55531e-08
388700, 3.50526e-08
1175101, 3.38263e-08
37109, 3.13432e-08
1196909, 3.08007e-08
23043, 3.07574e-08
431819, 3.03172e-08
1248828, 2.90185e-08
255807, 2.77735e-08
1301784, 2.70565e-08
825276, 2.56201e-08
113945, 2.55081e-08
1217725, 2.55005e-08
148407, 2.53135e-08
581084, 2.50341e-08
528296, 2.42993e-08
1262868, 2.32117e-08
94570, 2.30219e-08
107411, 2.29895e-08
972116, 2.18165e-08
1056118, 2.16858e-08
732714, 2.15106e-08
15492, 2.14904e-08
319669, 2.13924e-08
1242716, 2.12811e-08
1175543, 2.10285e-08
1053914, 1.97942e-08
203525, 1.96592e-08
833292, 1.84688e-08
313420, 1.79277e-08
910124, 1.73177e-08
232588, 1.70169e-08
222796, 1.70042e-08
834347, 1.68308e-08
335306, 1.63601e-08
143501, 1.62199e-08
1242012, 1.55825e-08
781088, 1.55204e-08
86762, 1.51332e-08
802178, 1.39708e-08
1279740, 1.34635e-08
854509, 1.30148e-08
976183, 1.27718e-08
23679, 1.22969e-08
468784, 1.20435e-08
1178158, 1.14174e-08
513714, 1.0862e-08
800372, 1.08522e-08
418515, 9.9297e-09
44285, 9.71586e-09
256660, 9.70002e-09
954837, 9.64578e-09
850857, 9.14228e-09
554697, 8.86081e-09
983994, 8.5223e-09
763211, 8.02979e-09
874907, 8.00629e-09
484818, 7.72502e-09
693118, 7.40272e-09
492781, 7.29677e-09
426464, 7.2407e-09
103017, 7.20083e-09
817371, 6.79052e-09
1039973, 6.60886e-09
295642, 6.45624e-09
1201796, 6.332e-09
492192, 6.30685e-09
844019, 6.26828e-09
951581, 6.18221e-09
816307, 5.90949e-09
435256, 5.8415e-09
357360, 5.81655e-09
739763, 5.70925e-09
198840, 5.63232e-09
309291, 5.44747e-09
487193, 5.38519e-09
206283, 4.93709e-09
94625, 4.91995e-09
323913, 4.6855e-09
570268, 4.61384e-09
129085, 4.52098e-09
1056237, 4.48437e-09
882497, 4.41392e-09
516607, 4.40936e-09
1182816, 4.34003e-09
39065, 4.20846e-09
595134, 4.13203e-09
51793, 4.08587e-09
167163, 4.04863e-09
216006, 3.91834e-09
1226308, 3.8828e-09
479060, 3.86959e-09
81883, 3.85159e-09
202060, 3.81949e-09
986338, 3.74974e-09
1031953, 3.7388e-09
727378, 3.72014e-09
319277, 3.63848e-09
403919, 3.63751e-09
1017566, 3.59933e-09
567757, 3.5814e-09
1057062, 3.42468e-09
423454, 3.41473e-09
210592, 3.41446e-09
1167336, 3.33917e-09
302882, 3.28548e-09
665200, 3.10337e-09
971336, 3.00566e-09
240228, 2.95066e-09
958921, 2.91666e-09
282143, 2.90054e-09
973399, 2.8301e-09
921533, 2.78372e-09
706221, 2.74206e-09
231053, 2.71861e-09
1012988, 2.54982e-09
934959, 2.49531e-09
797780, 2.46378e-09
525756, 2.41486e-09
114746, 2.40652e-09
1073878, 2.34807e-09
460284, 2.32842e-09
613069, 2.29615e-09
1119909, 2.25924e-09
1132299, 2.23153e-09
998235, 2.03511e-09
900954, 2.02819e-09
326189, 2.02487e-09
1304186, 2.01847e-09
431969, 1.97348e-09
302220, 1.86893e-09
127056, 1.85791e-09
82622, 1.84592e-09
630301, 1.81566e-09
111783, 1.76832e-09
560538, 1.72795e-09
454403, 1.63922e-09
193084, 1.63273e-09
54371, 1.51993e-09
122808, 1.47933e-09
1250809, 1.36004e-09
789820, 1.35244e-09
638344, 1.34434e-09
1119209, 1.33173e-09
648238, 1.26098e-09
1156145, 1.25317e-09
598174, 1.25073e-09
193289, 1.23821e-09
1191422, 1.2082e-09
470118, 1.0196e-09
885044, 9.3685e-10
172643, 9.24049e-10
706961, 9.17529e-10
483456, 9.06312e-10
936770, 8.93783e-10
760518, 8.87245e-10
999529, 8.58789e-10
1196572, 8.17363e-10
589729, 8.15632e-10
261398, 8.10834e-10
578599, 8.00898e-10
127715, 7.94174e-10
598078, 7.93862e-10
357026, 7.45007e-10
684513, 7.42463e-10
510911, 7.35561e-10
1037345, 7.32182e-10
577454, 7.2228e-10
118656, 7.1905e-10
1276235, 7.17794e-10
244384, 7.09133e-10
392608, 6.62285e-10
175066, 6.44924e-10
97374, 6.37614e-10
377760, 6.36868e-10
1031786, 6.21245e-10
573370, 6.18683e-10
731571, 6.00488e-10
309774, 5.96216e-10
85524, 5.9062e-10
465605, 5.90036e-10
283962, 5.84205e-10
278042, 5.80444e-10
1176798, 5.7972e-10
109623, 5.66849e-10
207874, 5.55008e-10
1103797, 5.54736e-10
603491, 5.43942e-10
634807, 5.33124e-10
783568, 5.27307e-10
356372, 5.2678e-10
641289, 4.7254e-10
210390, 4.69028e-10
586909, 4.66265e-10
777329, 4.65733e-10
583089, 4.6361e-10
984288, 4.4224e-10
374793, 4.41476e-10
489541, 3.87544e-10
182697, 3.7093e-10
576981, 3.70493e-10
829852, 3.68287e-10
34206, 3.67077e-10
1241946, 3.24921e-10
1297836, 3.17197e-10
894830, 3.06725e-10
394170, 3.04906e-10
147344, 3.02008e-10
1196717, 2.96034e-10
347858, 2.81782e-10
380392, 2.75888e-10
430989, 2.73626e-10
985757, 2.71004e-10
994978, 2.68125e-10
718336, 2.34375e-10
355871, 2.25548e-10
946003, 2.23375e-10
948159, 2.15818e-10
514734, 2.05352e-10
338908, 2.02489e-10
1130438, 1.94106e-10
519618, 1.87182e-10
1094575, 1.8191e-10
141696, 1.78123e-10
57, 0
74, 0
88, 0
266, 0
279, 0
826, 0
1200, 0
1448, 0
1466, 0
1591, 0
1631, 0
1637, 0
1767, 0
1778, 0
1866, 0
1910, 0
1963, 0
2232, 0
2259, 0
2335, 0
2348, 0
2410, 0
2460, 0
2548, 0
2644, 0
2671, 0
2712, 0
2762, 0
2924, 0
3045, 0
3113, 0
3296, 0
3427, 0
3506, 0
3663, 0
3783, 0
3900, 0
4053, 0
4055, 0
4136, 0
4338, 0
4375, 0
4601, 0
4814, 0
4834, 0
5185, 0
5282, 0
5310, 0
5435, 0
5436, 0
5455, 0
5497, 0
5644, 0
5845, 0
5889, 0
5994, 0
6009, 0
6135, 0
6235, 0
6275, 0
6361, 0
6377, 0
6419, 0
6483, 0
6490, 0
6817, 0
6888, 0
6889, 0
7076, 0
7188, 0
7210, 0
7730, 0
7949, 0
7964, 0
8339, 0
8762, 0
8783, 0
8871, 0
9242, 0
9257, 0
9269, 0
9310, 0
9367, 0
9375, 0
10182, 0
10194, 0
10239, 0
10264, 0
10355, 0
10731, 0
10749, 0
10755, 0
11396, 0
11451, 0
11476, 0
11837, 0
11848, 0
11903, 0
11969, 0
12082, 0
12118, 0
12454, 0
12891, 0
12958, 0
13094, 0
13138, 0
13158, 0
13335, 0
13408, 0
13537, 0
13617, 0
13704, 0
13928, 0
14044, 0
14132, 0
14372, 0
14388, 0
14642, 0
14816, 0
14956, 0
15100, 0
15178, 0
15195, 0
15733, 0
16082, 0
16153, 0
16286, 0
16300, 0
16568, 0
17037, 0
17475, 0
17530, 0
17922, 0
18152, 0
18475, 0
18514, 0
18615, 0
18875, 0
19129, 0
19175, 0
19241, 0
19829, 0
20030, 0
20138, 0
20251, 0
20411, 0
20478, 0
20661, 0
20786, 0
20789, 0
20794, 0
21519, 0
21623, 0
21903, 0
22407, 0
22547, 0
22728, 0
22825, 0
22869, 0
22897, 0
23185, 0
23283, 0
23514, 0
24061, 0
24260, 0
24555, 0
24644, 0
25016, 0
25261, 0
25341, 0
25734, 0
25896, 0
26046, 0
26236, 0
26432, 0
26502, 0
26553, 0
26887, 0
27587, 0
27834, 0
27860, 0
27910, 0
28125, 0
28179, 0
28794, 0
28873, 0
28984, 0
29364, 0
29977, 0
30351, 0
30365, 0
30421, 0
30543, 0
30611, 0
30615, 0
30683, 0
30693, 0
30708, 0
30796, 0
31027, 0
31321, 0
31374, 0
31395, 0
31704, 0
31883, 0
32738, 0
32745, 0
32907, 0
33022, 0
33080, 0
33098, 0
33307, 0
33327, 0
33608, 0
34149, 0
34381, 0
34715, 0
34775, 0
34814, 0
34995, 0
35125, 0
35275, 0
35348, 0
35353, 0
35389, 0
35488, 0
35576, 0
35804, 0
35884, 0
36099, 0
36118, 0
36470, 0
36662, 0
36755, 0
37336, 0
37779, 0
37924, 0
38200, 0
38303, 0
38360, 0
38513, 0
38558, 0
38782, 0
38801, 0
39389, 0
39574, 0
40122, 0
40163, 0
40367, 0
40582, 0
41080, 0
41396, 0
41443, 0
41866, 0
42178, 0
42377, 0
42457, 0
42894, 0
42976, 0
43020, 0
43110, 0
44031, 0
44083, 0
44250, 0
44420, 0
44430, 0
44600, 0
44839, 0
45211, 0
45359, 0
45687, 0
45860, 0
45888, 0
45935, 0
46065, 0
46332, 0
46503, 0
46521, 0
46671, 0
46763, 0
46825, 0
46913, 0
46954, 0
47055, 0
47105, 0
47353, 0
47436, 0
47438, 0
47593, 0
47660, 0
47808, 0
47837, 0
47854, 0
47879, 0
48028, 0
48158, 0
48436, 0
48546, 0
48571, 0
48580, 0
48926, 0
50059, 0
51185, 0
51208, 0
51440, 0
51608, 0
51929, 0
52257, 0
52475, 0
52478, 0
52494, 0
52749, 0
52895, 0
52933, 0
52971, 0
53184, 0
53208, 0
53332, 0
53796, 0
53801, 0
53844, 0
54447, 0
54722, 0
55193, 0
55368, 0
55438, 0
55494, 0
55506, 0
55555, 0
55577, 0
55634, 0
55667, 0
55708, 0
55719, 0
56131, 0
56264, 0
56533, 0
56655, 0
56889, 0
57059, 0
57349, 0
57515, 0
57664, 0
57967, 0
58213, 0
58374, 0
58563, 0
58786, 0
58812, 0
59034, 0
59274, 0
59307, 0
59356, 0
59364, 0
59481, 0
59508, 0
59532, 0
60017, 0
60423, 0
60639, 0
60779, 0
60782, 0
60926, 0
60978, 0
60987, 0
61053, 0
61071, 0
61209, 0
61443, 0
61916, 0
62125, 0
62821, 0
63287, 0
63774, 0
63869, 0
63913, 0
63963, 0
64021, 0
64226, 0
64379, 0
64671, 0
65038, 0
65153, 0
65347, 0
65374, 0
65712, 0
66105, 0
66337, 0
66341, 0
66354, 0
66359, 0
66566, 0
66573, 0
66760, 0
66797, 0
66859, 0
67077, 0
67846, 0
68067, 0
68273, 0
68315, 0
68329, 0
68422, 0
68511, 0
68534, 0
68638, 0
68823, 0
68932, 0
69052, 0
69282, 0
69794, 0
69913, 0
69972, 0
70193, 0
70289, 0
70309, 0
70361, 0
70403, 0
70818, 0
70854, 0
70866, 0
70886, 0
70974, 0
71008, 0
71028, 0
71045, 0
71106, 0
71238, 0
71289, 0
71325, 0
71612, 0
72175, 0
72238, 0
72516, 0
72561, 0
72677, 0
73061, 0
73443, 0
73737, 0
73786, 0
73833, 0
73911, 0
73994, 0
74076, 0
74271, 0
74281, 0
74680, 0
75121, 0
75445, 0
75665, 0
75673, 0
75689, 0
75734, 0
75784, 0
75812, 0
75824, 0
75933, 0
76010, 0
76018, 0
76145, 0
76407, 0
76480, 0
76540, 0
76736, 0
76933, 0
76999, 0
77214, 0
77328, 0
77591, 0
78004, 0
78621, 0
78622, 0
78938, 0
79174, 0
80090, 0
80274, 0
80407, 0
80456, 0
80485, 0
80605, 0
80713, 0
80788, 0
81073, 0
81170, 0
81176, 0
81206, 0
81631, 0
81783, 0
81855, 0
81880, 0
81936, 0
82018, 0
82081, 0
82087, 0
82344, 0
82554, 0
82728, 0
82788, 0
83046, 0
83074, 0
83168, 0
83172, 0
83178, 0
83224, 0
83407, 0
83451, 0
83606, 0
83951, 0
84116, 0
84198, 0
84241, 0
84262, 0
84377, 0
84381, 0
84395, 0
84784, 0
85074, 0
85218, 0
85308, 0
85447, 0
85470, 0
85535, 0
85945, 0
85987, 0
86153, 0
86206, 0
86268, 0
86323, 0
86929, 0
87013, 0
87023, 0
87050, 0
87109, 0
87170, 0
87185, 0
87195, 0
87301, 0
87315, 0
87474, 0
87601, 0
87851, 0
88067, 0
88163, 0
88776, 0
88859, 0
88863, 0
89218, 0
89260, 0
89307, 0
89350, 0
89379, 0
89718, 0
89760, 0
89914, 0
89958, 0
90151, 0
90158, 0
90192, 0
90430, 0
90537, 0
90629, 0
90656, 0
90662, 0
90782, 0
90825, 0
90854, 0
91242, 0
91307, 0
91310, 0
91535, 0
91726, 0
91759, 0
91955, 0
92008, 0
92013, 0
92090, 0
92194, 0
92320, 0
92509, 0
92778, 0
92955, 0
93335, 0
93440, 0
93645, 0
93796, 0
93941, 0
93953, 0
94108, 0
94151, 0
94216, 0
94469, 0
94663, 0
94797, 0
94878, 0
94893, 0
95002, 0
95054, 0
95287, 0
95416, 0
95571, 0
95732, 0
95827, 0
95904, 0
95979, 0
96063, 0
96267, 0
96323, 0
96353, 0
96354, 0
96820, 0
96895, 0
96990, 0
97312, 0
97349, 0
97573, 0
97588, 0
97833, 0
97880, 0
98136, 0
98368, 0
98400, 0
98405, 0
98541, 0
98754, 0
98964, 0
99221, 0
99369, 0
99434, 0
99502, 0
99555, 0
99624, 0
99777, 0
99857, 0
99872, 0
100095, 0
100340, 0
100800, 0
100926, 0
101188, 0
101226, 0
101240, 0
101302, 0
101512, 0
101527, 0
101532, 0
101704, 0
102034, 0
102036, 0
102065, 0
102127, 0
102408, 0
102499, 0
102511, 0
102570, 0
102857, 0
102944, 0
103041, 0
103142, 0
103412, 0
103542, 0
103744, 0
104030, 0
104160, 0
104179, 0
104185, 0
104207, 0
104578, 0
104607, 0
104655, 0
104678, 0
105645, 0
105699, 0
106153, 0
106346, 0
106794, 0
107045, 0
107169, 0
107210, 0
107250, 0
107489, 0
107536, 0
107572, 0
107593, 0
107870, 0
107909, 0
108010, 0
108060, 0
108265, 0
108458, 0
108538, 0
108694, 0
108799, 0
108823, 0
109337, 0
109352, 0
109636, 0
109670, 0
109726, 0
109768, 0
110039, 0
110105, 0
110198, 0
110499, 0
110568, 0
110713, 0
110933, 0
110978, 0
111308, 0
111415, 0
111476, 0
111484, 0
111616, 0
111936, 0
111949, 0
112327, 0
112337, 0
112631, 0
112651, 0
112695, 0
113554, 0
113600, 0
113714, 0
113982, 0
114205, 0
114442, 0
114813, 0
115219, 0
115269, 0
115339, 0
115344, 0
115575, 0
115759, 0
115778, 0
115828, 0
116027, 0
116304, 0
116322, 0
116339, 0
116653, 0
116673, 0
116674, 0
116855, 0
116947, 0
117051, 0
117360, 0
117386, 0
117694, 0
117764, 0
117842, 0
118128, 0
118188, 0
118405, 0
118533, 0
118572, 0
118758, 0
119141, 0
119976, 0
120299, 0
120330, 0
120553, 0
120867, 0
121671, 0
121700, 0
121761, 0
121980, 0
122138, 0
122192, 0
122361, 0
122667, 0
122745, 0
122932, 0
123114, 0
123259, 0
123387, 0
123392, 0
123449, 0
123455, 0
123520, 0
123568, 0
123735, 0
123787, 0
123792, 0
123948, 0
124385, 0
124751, 0
125156, 0
125240, 0
125394, 0
125565, 0
125591, 0
125724, 0
125733, 0
126011, 0
126100, 0
126443, 0
126815, 0
127007, 0
127022, 0
127160, 0
127168, 0
127255, 0
127285, 0
127493, 0
127515, 0
127725, 0
127785, 0
127830, 0
127839, 0
127865, 0
128433, 0
128438, 0
128641, 0
128649, 0
128749, 0
128842, 0
129566, 0
129587, 0
129860, 0
129871, 0
130067, 0
130084, 0
130384, 0
130665, 0
130971, 0
131208, 0
131274, 0
131484, 0
131509, 0
131738, 0
132023, 0
132128, 0
132213, 0
132891, 0
132949, 0
133182, 0
133426, 0
133624, 0
133682, 0
133776, 0
133903, 0
133905, 0
133961, 0
134149, 0
134190, 0
134249, 0
134278, 0
134285, 0
134370, 0
134379, 0
134412, 0
134492, 0
134747, 0
135009, 0
135042, 0
135101, 0
135193, 0
135242, 0
135501, 0
135519, 0
135698, 0
136076, 0
136129, 0
136199, 0
136365, 0
136443, 0
136493, 0
136509, 0
136520, 0
136566, 0
136840, 0
136933, 0
136964, 0
137111, 0
137195, 0
137208, 0
137248, 0
137251, 0
137296, 0
137414, 0
137450, 0
137464, 0
138278, 0
138558, 0
138709, 0
138904, 0
138999, 0
139026, 0
139257, 0
139572, 0
139584, 0
139607, 0
139676, 0
139868, 0
140094, 0
140176, 0
140242, 0
140403, 0
140405, 0
140475, 0
140489, 0
140924, 0
140934, 0
140999, 0
141091, 0
141190, 0
141212, 0
141322, 0
141426, 0
141481, 0
141557, 0
141703, 0
141713, 0
141831, 0
141839, 0
142031, 0
142147, 0
142197, 0
142249, 0
142319, 0
142378, 0
142382, 0
142688, 0
142867, 0
143120, 0
143291, 0
143424, 0
143617, 0
143825, 0
143994, 0
144278, 0
144441, 0
144536, 0
144573, 0
144612, 0
144717, 0
144783, 0
144899, 0
144982, 0
145008, 0
145152, 0
145323, 0
145363, 0
145843, 0
146451, 0
146677, 0
146785, 0
146816, 0
146960, 0
146964, 0
146968, 0
147108, 0
147118, 0
147136, 0
147230, 0
147491, 0
147587, 0
147624, 0
147627, 0
147702, 0
147783, 0
147839, 0
147840, 0
147958, 0
148112, 0
148140, 0
148153, 0
148387, 0
148449, 0
148601, 0
148754, 0
148832, 0
149022, 0
149109, 0
149116, 0
149217, 0
149318, 0
149499, 0
149837, 0
150106, 0
150162, 0
150167, 0
150518, 0
150532, 0
150635, 0
150701, 0
150994, 0
150999, 0
151188, 0
151450, 0
151656, 0
151769, 0
151889, 0
152127, 0
152162, 0
152332, 0
152349, 0
152381, 0
152511, 0
152540, 0
152569, 0
152624, 0
152664, 0
152702, 0
152769, 0
152894, 0
152896, 0
153133, 0
153174, 0
153387, 0
153410, 0
153452, 0
153454, 0
153457, 0
153478, 0
153539, 0
153611, 0
153614, 0
153832, 0
153877, 0
154116, 0
154245, 0
154297, 0
154395, 0
154584, 0
154622, 0
154662, 0
154981, 0
155010, 0
155036, 0
155188, 0
155191, 0
155316, 0
155420, 0
155431, 0
155571, 0
155670, 0
155745, 0
155930, 0
156028, 0
156152, 0
156213, 0
156312, 0
156354, 0
156560, 0
156561, 0
156857, 0
156911, 0
157075, 0
157175, 0
157183, 0
157533, 0
157820, 0
157900, 0
157908, 0
158343, 0
158394, 0
158399, 0
158441, 0
158482, 0
158514, 0
158842, 0
158951, 0
159016, 0
159099, 0
159193, 0
159207, 0
159302, 0
159356, 0
159399, 0
159426, 0
159436, 0
159687, 0
159707, 0
159718, 0
159968, 0
160188, 0
160258, 0
160454, 0
160476, 0
160503, 0
160866, 0
160988, 0
161041, 0
161055, 0
161092, 0
161280, 0
161320, 0
161340, 0
161351, 0
161397, 0
161707, 0
161945, 0
161996, 0
162032, 0
162048, 0
162092, 0
162153, 0
162228, 0
162954, 0
162966, 0
163017, 0
163029, 0
163037, 0
163316, 0
163470, 0
163595, 0
163614, 0
163628, 0
163725, 0
163731, 0
163849, 0
163981, 0
164002, 0
164704, 0
164869, 0
165058, 0
165097, 0
165208, 0
165295, 0
165320, 0
165567, 0
166288, 0
166431, 0
166537, 0
166589, 0
166718, 0
166781, 0
167194, 0
167514, 0
167515, 0
167540, 0
167733, 0
167988, 0
168007, 0
168146, 0
168312, 0
168326, 0
168654, 0
168817, 0
168837, 0
168844, 0
168916, 0
169035, 0
169057, 0
169078, 0
169226, 0
169306, 0
169375, 0
169432, 0
169557, 0
169567, 0
169648, 0
169780, 0
169803, 0
170048, 0
170537, 0
170619, 0
170929, 0
171321, 0
171451, 0
171516, 0
171541, 0
171631, 0
171795, 0
171852, 0
171955, 0
172085, 0
172754, 0
173839, 0
173883, 0
173979, 0
174036, 0
174452, 0
174797, 0
175124, 0
175149, 0
175175, 0
175291, 0
175418, 0
175494, 0
175552, 0
175809, 0
176019, 0
176030, 0
176170, 0
176572, 0
176692, 0
176801, 0
176990, 0
177204, 0
177896, 0
178194, 0
178332, 0
178727, 0
178948, 0
179666, 0
179699, 0
179924, 0
180038, 0
180105, 0
180121, 0
180281, 0
180283, 0
180288, 0
180297, 0
180384, 0
181494, 0
181557, 0
181669, 0
181703, 0
182154, 0
182292, 0
183360, 0
183443, 0
183960, 0
184564, 0
184590, 0
184698, 0
184866, 0
184927, 0
184953, 0
185502, 0
185938, 0
186246, 0
186569, 0
186893, 0
187208, 0
187212, 0
187282, 0
187294, 0
187305, 0
187309, 0
187341, 0
187371, 0
187556, 0
187577, 0
187923, 0
188044, 0
188178, 0
188219, 0
188221, 0
188301, 0
188969, 0
189123, 0
190507, 0
190515, 0
190629, 0
190798, 0
190998, 0
191004, 0
191595, 0
191691, 0
191991, 0
192186, 0
192206, 0
192276, 0
192279, 0
192547, 0
192681, 0
192739, 0
193193, 0
193231, 0
193279, 0
193285, 0
193318, 0
193347, 0
193573, 0
194383, 0
194497, 0
195167, 0
195712, 0
195717, 0
196114, 0
196293, 0
196332, 0
196500, 0
196597, 0
197007, 0
197071, 0
197098, 0
197126, 0
197137, 0
197182, 0
197571, 0
198173, 0
198229, 0
198273, 0
198572, 0
198650, 0
198985, 0
199287, 0
199571, 0
199658, 0
199818, 0
199938, 0
199964, 0
200051, 0
200242, 0
200751, 0
201122, 0
201428, 0
201685, 0
202129, 0
202412, 0
202682, 0
202990, 0
203033, 0
203120, 0
203159, 0
203182, 0
203191, 0
203314, 0
203396, 0
203639, 0
204223, 0
204249, 0
204434, 0
204558, 0
204600, 0
204650, 0
204819, 0
205079, 0
205145, 0
205280, 0
205637, 0
206589, 0
207165, 0
207482, 0
207494, 0
207926, 0
208056, 0
208300, 0
208489, 0
208517, 0
208563, 0
208885, 0
209378, 0
209530, 0
209581, 0
209899, 0
210082, 0
210128, 0
210286, 0
210303, 0
210819, 0
211242, 0
211389, 0
211793, 0
211863, 0
211890, 0
212062, 0
212159, 0
212210, 0
212281, 0
212329, 0
212342, 0
212466, 0
212503, 0
212567, 0
212672, 0
213011, 0
213047, 0
213100, 0
213263, 0
213292, 0
213864, 0
214234, 0
214306, 0
214524, 0
214539, 0
214540, 0
214553, 0
214614, 0
214638, 0
214687, 0
214781, 0
215203, 0
215323, 0
215449, 0
215480, 0
215511, 0
215616, 0
216218, 0
216240, 0
216324, 0
216604, 0
216620, 0
216638, 0
216773, 0
216802, 0
216888, 0
217009, 0
217131, 0
217252, 0
217700, 0
218152, 0
218197, 0
218240, 0
218430, 0
218519, 0
218547, 0
218796, 0
219140, 0
219192, 0
219344, 0
219453, 0
219585, 0
219631, 0
219753, 0
219972, 0
220028, 0
220179, 0
220346, 0
220355, 0
220491, 0
220519, 0
220521, 0
220723, 0
220758, 0
220828, 0
220953, 0
221397, 0
221863, 0
221872, 0
222086, 0
222417, 0
222480, 0
222563, 0
222670, 0
222987, 0
223258, 0
223293, 0
223554, 0
223679, 0
223695, 0
223724, 0
223769, 0
223789, 0
223824, 0
223979, 0
224026, 0
224118, 0
224168, 0
224177, 0
224313, 0
224805, 0
225000, 0
225031, 0
225093, 0
225119, 0
225197, 0
225508, 0
225785, 0
225794, 0
225986, 0
226012, 0
226445, 0
226742, 0
226778, 0
226863, 0
226987, 0
227075, 0
227093, 0
227101, 0
227481, 0
227542, 0
227662, 0
227708, 0
227798, 0
227843, 0
227876, 0
227914, 0
228077, 0
228228, 0
228335, 0
228380, 0
228515, 0
228818, 0
229321, 0
229398, 0
229597, 0
230275, 0
230437, 0
230830, 0
230919, 0
231012, 0
231021, 0
231090, 0
231134, 0
231181, 0
231289, 0
231333, 0
231467, 0
231533, 0
231544, 0
231574, 0
231833, 0
231843, 0
232643, 0
232656, 0
232767, 0
232792, 0
232829, 0
232919, 0
232937, 0
233243, 0
233539, 0
233546, 0
233549, 0
233573, 0
233795, 0
234602, 0
234612, 0
234713, 0
234967, 0
235253, 0
235350, 0
235597, 0
235660, 0
236014, 0
236102, 0
236222, 0
236464, 0
236682, 0
236742, 0
236751, 0
236924, 0
237067, 0
237094, 0
237132, 0
237233, 0
237747, 0
237864, 0
238643, 0
238776, 0
239690, 0
239723, 0
239833, 0
239985, 0
240083, 0
240224, 0
240241, 0
240633, 0
240752, 0
240754, 0
240880, 0
240919, 0
241045, 0
241214, 0
241390, 0
241398, 0
241506, 0
241507, 0
241513, 0
241514, 0
241551, 0
241607, 0
241666, 0
242021, 0
242142, 0
242311, 0
242374, 0
242470, 0
242659, 0
242697, 0
242738, 0
242782, 0
242980, 0
243270, 0
243643, 0
243657, 0
243789, 0
243821, 0
243826, 0
243909, 0
244475, 0
244793, 0
245180, 0
245243, 0
245295, 0
245317, 0
245361, 0
245507, 0
245620, 0
245768, 0
245782, 0
245984, 0
246280, 0
246559, 0
246578, 0
246600, 0
246630, 0
246735, 0
247197, 0
247282, 0
247497, 0
247674, 0
247878, 0
247986, 0
248095, 0
248361, 0
248473, 0
248818, 0
248880, 0
249037, 0
249061, 0
249207, 0
249231, 0
249326, 0
249363, 0
249456, 0
249476, 0
249479, 0
249849, 0
249855, 0
249870, 0
250817, 0
250851, 0
250896, 0
251030, 0
251196, 0
251230, 0
251622, 0
251666, 0
252067, 0
252136, 0
252799, 0
253360, 0
253437, 0
253995, 0
254351, 0
254593, 0
254615, 0
254673, 0
254677, 0
254784, 0
254892, 0
254915, 0
255051, 0
255298, 0
255631, 0
255633, 0
255719, 0
255961, 0
256086, 0
256182, 0
256229, 0
256787, 0
256788, 0
257049, 0
257102, 0
257109, 0
257545, 0
257784, 0
257790, 0
258068, 0
258130, 0
258220, 0
258562, 0
258896, 0
259038, 0
259066, 0
259461, 0
259538, 0
259828, 0
259931, 0
259958, 0
260221, 0
260362, 0
260438, 0
261041, 0
261325, 0
261469, 0
261722, 0
261789, 0
262049, 0
262541, 0
262558, 0
262611, 0
262832, 0
262939, 0
263019, 0
263219, 0
263339, 0
263690, 0
264022, 0
264147, 0
264266, 0
264557, 0
264705, 0
265050, 0
265113, 0
265578, 0
265646, 0
265647, 0
265661, 0
266025, 0
266032, 0
266085, 0
266183, 0
266213, 0
266330, 0
266519, 0
266569, 0
266680, 0
266735, 0
266753, 0
266760, 0
267386, 0
268054, 0
268329, 0
269101, 0
269267, 0
269332, 0
269413, 0
269486, 0
269499, 0
269624, 0
270069, 0
270073, 0
270173, 0
270402, 0
270699, 0
270711, 0
270795, 0
270978, 0
271558, 0
271821, 0
272000, 0
272039, 0
272543, 0
273076, 0
273090, 0
273638, 0
273935, 0
274136, 0
274202, 0
274360, 0
274407, 0
274424, 0
274793, 0
274821, 0
274866, 0
274918, 0
274927, 0
275358, 0
275417, 0
275740, 0
275842, 0
275859, 0
275889, 0
276002, 0
276021, 0
276196, 0
276390, 0
276423, 0
276874, 0
277066, 0
277085, 0
277131, 0
277173, 0
277188, 0
277218, 0
277501, 0
277511, 0
277680, 0
277695, 0
277697, 0
277702, 0
277724, 0
277982, 0
277985, 0
278133, 0
278262, 0
278466, 0
278844, 0
279454, 0
279461, 0
279519, 0
279592, 0
279756, 0
279808, 0
280085, 0
280262, 0
280557, 0
280634, 0
281181, 0
281204, 0
281266, 0
281338, 0
281524, 0
281555, 0
281805, 0
281934, 0
281939, 0
281958, 0
282297, 0
282612, 0
282958, 0
283370, 0
283739, 0
283943, 0
284005, 0
284071, 0
284119, 0
284350, 0
284549, 0
284592, 0
284637, 0
284690, 0
284902, 0
284917, 0
285158, 0
285185, 0
285365, 0
285537, 0
285715, 0
285744, 0
285967, 0
286217, 0
286379, 0
286472, 0
286558, 0
286564, 0
286588, 0
286702, 0
286876, 0
286890, 0
286920, 0
287023, 0
287025, 0
287087, 0
287257, 0
287440, 0
287806, 0
287837, 0
287908, 0
288001, 0
288058, 0
288127, 0
288205, 0
288467, 0
288630, 0
288837, 0
288843, 0
288950, 0
289258, 0
289286, 0
289416, 0
289434, 0
289482, 0
289506, 0
289545, 0
289860, 0
289872, 0
289899, 0
289922, 0
290007, 0
290027, 0
290106, 0
290202, 0
290414, 0
290437, 0
290497, 0
290605, 0
290709, 0
290803, 0
290938, 0
291008, 0
291080, 0
291196, 0
291303, 0
291367, 0
291538, 0
291581, 0
291649, 0
291712, 0
291832, 0
291863, 0
291973, 0
291985, 0
292121, 0
292126, 0
292301, 0
292489, 0
292504, 0
292637, 0
292753, 0
292868, 0
293049, 0
293077, 0
293084, 0
293105, 0
293125, 0
293183, 0
293223, 0
293280, 0
293598, 0
293743, 0
294084, 0
294235, 0
294676, 0
294680, 0
294711, 0
294716, 0
294724, 0
294751, 0
295486, 0
295535, 0
295555, 0
295641, 0
295645, 0
295663, 0
295709, 0
295868, 0
295897, 0
296002, 0
296020, 0
296169, 0
296313, 0
296383, 0
296514, 0
296690, 0
296691, 0
296840, 0
296908, 0
296914, 0
297078, 0
297241, 0
297549, 0
297638, 0
297893, 0
297906, 0
298018, 0
298089, 0
298097, 0
298238, 0
298277, 0
298295, 0
298465, 0
298702, 0
298869, 0
299014, 0
299029, 0
299072, 0
299200, 0
299301, 0
299482, 0
299681, 0
300154, 0
300183, 0
300329, 0
300589, 0
300629, 0
301041, 0
301043, 0
301116, 0
301437, 0
301627, 0
301651, 0
301676, 0
301990, 0
302102, 0
302157, 0
302720, 0
302765, 0
302769, 0
302797, 0
302903, 0
302931, 0
302947, 0
302969, 0
303044, 0
303052, 0
303083, 0
303193, 0
303700, 0
303725, 0
303740, 0
303843, 0
304202, 0
304336, 0
304526, 0
304603, 0
304643, 0
304905, 0
305322, 0
305344, 0
305445, 0
305894, 0
305989, 0
305990, 0
306013, 0
306193, 0
306206, 0
306303, 0
306344, 0
306465, 0
306841, 0
306983, 0
306999, 0
307105, 0
307107, 0
307119, 0
307186, 0
307263, 0
307692, 0
307801, 0
307824, 0
307910, 0
307918, 0
308408, 0
308412, 0
308537, 0
308602, 0
308644, 0
308687, 0
308690, 0
308736, 0
308741, 0
308816, 0
309206, 0
309310, 0
309529, 0
309610, 0
309639, 0
309668, 0
309710, 0
309730, 0
309731, 0
309854, 0
309955, 0
310037, 0
310196, 0
310202, 0
310234, 0
310387, 0
310588, 0
310662, 0
310700, 0
310876, 0
310892, 0
310997, 0
311050, 0
311193, 0
311213, 0
311272, 0
311358, 0
311478, 0
311564, 0
311648, 0
311652, 0
311878, 0
311891, 0
311893, 0
312036, 0
312076, 0
312296, 0
312376, 0
312476, 0
312828, 0
312966, 0
312989, 0
312992, 0
313005, 0
313148, 0
313195, 0
313212, 0
313280, 0
313297, 0
313328, 0
313365, 0
313404, 0
313421, 0
313517, 0
313544, 0
314002, 0
315060, 0
315244, 0
315300, 0
315452, 0
315453, 0
315458, 0
315514, 0
315551, 0
315568, 0
315830, 0
316050, 0
316051, 0
316121, 0
316147, 0
316267, 0
316436, 0
316567, 0
316701, 0
316717, 0
317408, 0
317640, 0
317731, 0
317735, 0
317740, 0
318218, 0
318832, 0
318947, 0
318969, 0
319062, 0
319082, 0
319563, 0
319728, 0
319851, 0
319967, 0
320040, 0
320563, 0
320662, 0
321165, 0
321280, 0
321314, 0
321740, 0
321786, 0
321999, 0
322006, 0
322015, 0
322219, 0
322396, 0
322398, 0
322416, 0
323080, 0
323190, 0
323513, 0
323546, 0
323716, 0
323770, 0
323816, 0
324113, 0
324159, 0
324545, 0
324617, 0
324714, 0
324801, 0
324813, 0
324920, 0
325259, 0
325343, 0
325514, 0
325715, 0
325734, 0
325794, 0
325923, 0
326016, 0
326222, 0
326602, 0
326757, 0
326778, 0
327384, 0
327405, 0
327447, 0
327690, 0
328560, 0
328878, 0
329134, 0
329218, 0
329300, 0
329508, 0
329648, 0
330224, 0
330432, 0
330572, 0
330596, 0
330850, 0
331096, 0
331104, 0
331285, 0
331300, 0
331322, 0
331802, 0
332694, 0
332738, 0
332889, 0
332938, 0
333042, 0
333430, 0
333431, 0
333580, 0
333868, 0
333964, 0
334342, 0
334364, 0
334426, 0
334666, 0
334904, 0
335242, 0
335273, 0
335274, 0
335291, 0
335357, 0
335421, 0
335445, 0
335476, 0
335602, 0
335734, 0
335762, 0
335866, 0
335892, 0
336131, 0
336291, 0
336444, 0
336724, 0
336881, 0
337047, 0
337081, 0
337137, 0
337142, 0
337148, 0
337175, 0
337529, 0
337672, 0
337782, 0
337874, 0
337959, 0
337973, 0
338088, 0
338535, 0
338634, 0
338684, 0
338701, 0
338739, 0
338744, 0
338751, 0
338761, 0
338952, 0
339098, 0
339138, 0
339465, 0
339584, 0
339699, 0
339814, 0
339927, 0
339940, 0
340078, 0
340260, 0
340415, 0
340522, 0
340607, 0
340717, 0
340856, 0
340967, 0
340997, 0
341179, 0
341185, 0
341227, 0
341675, 0
341699, 0
341880, 0
342052, 0
342177, 0
342331, 0
342337, 0
343718, 0
343728, 0
343738, 0
343834, 0
344207, 0
344293, 0
344342, 0
344413, 0
344496, 0
344531, 0
345311, 0
345683, 0
345855, 0
346228, 0
346233, 0
346290, 0
346333, 0
346418, 0
346640, 0
346750, 0
346882, 0
346972, 0
347204, 0
347307, 0
347369, 0
347435, 0
347460, 0
347680, 0
347713, 0
347719, 0
347809, 0
347826, 0
347913, 0
347945, 0
347998, 0
348179, 0
348191, 0
348422, 0
349215, 0
349474, 0
349559, 0
349631, 0
349670, 0
349686, 0
349789, 0
349838, 0
349956, 0
350084, 0
350111, 0
350216, 0
350249, 0
350490, 0
350559, 0
350625, 0
350746, 0
350949, 0
351085, 0
351191, 0
351196, 0
351509, 0
351592, 0
351615, 0
351626, 0
351666, 0
351706, 0
351842, 0
352169, 0
352215, 0
352382, 0
352497, 0
352553, 0
352676, 0
352802, 0
352855, 0
352859, 0
352887, 0
352929, 0
353126, 0
353250, 0
353378, 0
353444, 0
353838, 0
353894, 0
354278, 0
354502, 0
354813, 0
354851, 0
354860, 0
355092, 0
355144, 0
355589, 0
355614, 0
355684, 0
356019, 0
356268, 0
356777, 0
356857, 0
356930, 0
356936, 0
356980, 0
357027, 0
357083, 0
357099, 0
357336, 0
357438, 0
357465, 0
357470, 0
357588, 0
357627, 0
357633, 0
357688, 0
357726, 0
357736, 0
358022, 0
358126, 0
358135, 0
358201, 0
358264, 0
358866, 0
359030, 0
359287, 0
359349, 0
359468, 0
360298, 0
360720, 0
360775, 0
360837, 0
360945, 0
361015, 0
361067, 0
361113, 0
361146, 0
361157, 0
361176, 0
361219, 0
361304, 0
361387, 0
361493, 0
361584, 0
361720, 0
361756, 0
361806, 0
361837, 0
361886, 0
362343, 0
362367, 0
362448, 0
362483, 0
362610, 0
362729, 0
362783, 0
362792, 0
362795, 0
363224, 0
363647, 0
363821, 0
363836, 0
364099, 0
364403, 0
364762, 0
364839, 0
364878, 0
364902, 0
364915, 0
365349, 0
365400, 0
365574, 0
365707, 0
365955, 0
365958, 0
366352, 0
366362, 0
366820, 0
366866, 0
367287, 0
367482, 0
367687, 0
367731, 0
367964, 0
368127, 0
368333, 0
368595, 0
368615, 0
368719, 0
368803, 0
369467, 0
369547, 0
369667, 0
370091, 0
370133, 0
370439, 0
370516, 0
370864, 0
370891, 0
370903, 0
370929, 0
370940, 0
371005, 0
371050, 0
371131, 0
371216, 0
371754, 0
371789, 0
372130, 0
372276, 0
372398, 0
372470, 0
372494, 0
372623, 0
372693, 0
372700, 0
372701, 0
372971, 0
373534, 0
373619, 0
373924, 0
374143, 0
374173, 0
374286, 0
374885, 0
374931, 0
375501, 0
375518, 0
375559, 0
375648, 0
375747, 0
376094, 0
376138, 0
376285, 0
376379, 0
376435, 0
376571, 0
377252, 0
377271, 0
377358, 0
377365, 0
377484, 0
377528, 0
377565, 0
377610, 0
377638, 0
377716, 0
377803, 0
377816, 0
377817, 0
377832, 0
378058, 0
378095, 0
378104, 0
378106, 0
378169, 0
378197, 0
378551, 0
378601, 0
378791, 0
378801, 0
378855, 0
378879, 0
379213, 0
379491, 0
379511, 0
379541, 0
379631, 0
379649, 0
379811, 0
379865, 0
379952, 0
379999, 0
380087, 0
380305, 0
380308, 0
380351, 0
380473, 0
380502, 0
380636, 0
380990, 0
381004, 0
381205, 0
381215, 0
381414, 0
381511, 0
381580, 0
381608, 0
381635, 0
381812, 0
381831, 0
382078, 0
382182, 0
382200, 0
382217, 0
382261, 0
382428, 0
382921, 0
383034, 0
383048, 0
383300, 0
383370, 0
383562, 0
384647, 0
384833, 0
384974, 0
385186, 0
385361, 0
385449, 0
385652, 0
385806, 0
385869, 0
386095, 0
386415, 0
386527, 0
386696, 0
386831, 0
387325, 0
387360, 0
387749, 0
387953, 0
388641, 0
388742, 0
389409, 0
390004, 0
390295, 0
390725, 0
390829, 0
390887, 0
390977, 0
391101, 0
391369, 0
391480, 0
391610, 0
391672, 0
391841, 0
392029, 0
392053, 0
392308, 0
393033, 0
393174, 0
393665, 0
393731, 0
393826, 0
393983, 0
394011, 0
394052, 0
394090, 0
394205, 0
394501, 0
394707, 0
395260, 0
395397, 0
395712, 0
395842, 0
396230, 0
396516, 0
396533, 0
396858, 0
396883, 0
397263, 0
397275, 0
397311, 0
397448, 0
397509, 0
397565, 0
397670, 0
397685, 0
397783, 0
397839, 0
397876, 0
397928, 0
397950, 0
398047, 0
398057, 0
398092, 0
398108, 0
398138, 0
398163, 0
398407, 0
398466, 0
398572, 0
398675, 0
398687, 0
398701, 0
398851, 0
398865, 0
398866, 0
398982, 0
398996, 0
399021, 0
399135, 0
399328, 0
399402, 0
399466, 0
399482, 0
399515, 0
399602, 0
399614, 0
400439, 0
400453, 0
400472, 0
400478, 0
400599, 0
400646, 0
400914, 0
401121, 0
401388, 0
401521, 0
401611, 0
401672, 0
401794, 0
401884, 0
401928, 0
402476, 0
402494, 0
402835, 0
403271, 0
403282, 0
403360, 0
403398, 0
403410, 0
403972, 0
404076, 0
404421, 0
404568, 0
404752, 0
404753, 0
404844, 0
404924, 0
405022, 0
405113, 0
405447, 0
405519, 0
405616, 0
405699, 0
405765, 0
405854, 0
405975, 0
406035, 0
406062, 0
406103, 0
406144, 0
406232, 0
406258, 0
406281, 0
406348, 0
406446, 0
406608, 0
406674, 0
406724, 0
406862, 0
406865, 0
407204, 0
407238, 0
407274, 0
407347, 0
407485, 0
407625, 0
407742, 0
407945, 0
408000, 0
408104, 0
408336, 0
408370, 0
408526, 0
408832, 0
408972, 0
408977, 0
409172, 0
409993, 0
410012, 0
410329, 0
410472, 0
410847, 0
410934, 0
410952, 0
411149, 0
411257, 0
411468, 0
411484, 0
412597, 0
412662, 0
413042, 0
413085, 0
413203, 0
413210, 0
413346, 0
413490, 0
413513, 0
413832, 0
413970, 0
414008, 0
414051, 0
414297, 0
414310, 0
414424, 0
414505, 0
414636, 0
414659, 0
414683, 0
414727, 0
414771, 0
414784, 0
414885, 0
414974, 0
415127, 0
415168, 0
415278, 0
415303, 0
415421, 0
415566, 0
415673, 0
415846, 0
416008, 0
416101, 0
416115, 0
416217, 0
416228, 0
416266, 0
416269, 0
416347, 0
416352, 0
416424, 0
416536, 0
416842, 0
416956, 0
416987, 0
417507, 0
417752, 0
417868, 0
417924, 0
418071, 0
418148, 0
418201, 0
418387, 0
418390, 0
418407, 0
418472, 0
418501, 0
418591, 0
418594, 0
418720, 0
418749, 0
418782, 0
418945, 0
419416, 0
419736, 0
419766, 0
419776, 0
419834, 0
420285, 0
420608, 0
420615, 0
421085, 0
421445, 0
421541, 0
421781, 0
421815, 0
421844, 0
422137, 0
422249, 0
422633, 0
422795, 0
422826, 0
423022, 0
423137, 0
423156, 0
423180, 0
423659, 0
423810, 0
423922, 0
423949, 0
424142, 0
424161, 0
424173, 0
424875, 0
424969, 0
425623, 0
426085, 0
426149, 0
426378, 0
426888, 0
426894, 0
426906, 0
427093, 0
427371, 0
427405, 0
427582, 0
427598, 0
427743, 0
428010, 0
428212, 0
428295, 0
428487, 0
428572, 0
428596, 0
428629, 0
428721, 0
428756, 0
428815, 0
428837, 0
428898, 0
429019, 0
429020, 0
429035, 0
429361, 0
429380, 0
429556, 0
429630, 0
429635, 0
429700, 0
429812, 0
429939, 0
430019, 0
430034, 0
430166, 0
430182, 0
430196, 0
430456, 0
430673, 0
430754, 0
430789, 0
430930, 0
430998, 0
431247, 0
431310, 0
431560, 0
432093, 0
432629, 0
432715, 0
432970, 0
433120, 0
433141, 0
433157, 0
433291, 0
433341, 0
433448, 0
433647, 0
433980, 0
434202, 0
434223, 0
434246, 0
434817, 0
434847, 0
434937, 0
435072, 0
435142, 0
435234, 0
436002, 0
436114, 0
436160, 0
436211, 0
436261, 0
436364, 0
436402, 0
436540, 0
436847, 0
437016, 0
437229, 0
437534, 0
437617, 0
438078, 0
438131, 0
438224, 0
438334, 0
438731, 0
439259, 0
439391, 0
439560, 0
439618, 0
439720, 0
439944, 0
440131, 0
440155, 0
440230, 0
440315, 0
440523, 0
440631, 0
440870, 0
441256, 0
441808, 0
441827, 0
442226, 0
442348, 0
442595, 0
442810, 0
443465, 0
443477, 0
443717, 0
443978, 0
444019, 0
444068, 0
444315, 0
444443, 0
444462, 0
444744, 0
444792, 0
444827, 0
444849, 0
444910, 0
445094, 0
445356, 0
445578, 0
445597, 0
445795, 0
445839, 0
446263, 0
446268, 0
446327, 0
446366, 0
446379, 0
446397, 0
446458, 0
446459, 0
446642, 0
446899, 0
446989, 0
447356, 0
447513, 0
447772, 0
448277, 0
449397, 0
449409, 0
449450, 0
449881, 0
450141, 0
450318, 0
450465, 0
450466, 0
450558, 0
450709, 0
450853, 0
450877, 0
451411, 0
451418, 0
451479, 0
451895, 0
451910, 0
452019, 0
452076, 0
452135, 0
452174, 0
452180, 0
452190, 0
452198, 0
452229, 0
452246, 0
452261, 0
452315, 0
452389, 0
452462, 0
452628, 0
452697, 0
452869, 0
453169, 0
453360, 0
453550, 0
453594, 0
454041, 0
454332, 0
454580, 0
454650, 0
454733, 0
454902, 0
455225, 0
455399, 0
455725, 0
455857, 0
455909, 0
455953, 0
455973, 0
456005, 0
456078, 0
456226, 0
456326, 0
456413, 0
456426, 0
456462, 0
456668, 0
456772, 0
456910, 0
457236, 0
457563, 0
458081, 0
458489, 0
458789, 0
458908, 0
459036, 0
459531, 0
460223, 0
460365, 0
460574, 0
460623, 0
460911, 0
460931, 0
460972, 0
461007, 0
461262, 0
461277, 0
461359, 0
461813, 0
461952, 0
462257, 0
462372, 0
462418, 0
462435, 0
462591, 0
462602, 0
462662, 0
462707, 0
462917, 0
463088, 0
463200, 0
463207, 0
463783, 0
463818, 0
464744, 0
464829, 0
464915, 0
465047, 0
465056, 0
465138, 0
465197, 0
465384, 0
465632, 0
466038, 0
466047, 0
466083, 0
466405, 0
466488, 0
467221, 0
467603, 0
467723, 0
468079, 0
468094, 0
468460, 0
468492, 0
469114, 0
469123, 0
469151, 0
469318, 0
469374, 0
469615, 0
469642, 0
469680, 0
469713, 0
469775, 0
470618, 0
470742, 0
470854, 0
470929, 0
471054, 0
471283, 0
471554, 0
471573, 0
471574, 0
471706, 0
471731, 0
471810, 0
471932, 0
472484, 0
472607, 0
472656, 0
472702, 0
472945, 0
473219, 0
473536, 0
473601, 0
473661, 0
473682, 0
473718, 0
474335, 0
474501, 0
474979, 0
475058, 0
475272, 0
475533, 0
475539, 0
475659, 0
475779, 0
475847, 0
476072, 0
476286, 0
476688, 0
476722, 0
476908, 0
476970, 0
477030, 0
477032, 0
477184, 0
477188, 0
477239, 0
477330, 0
477444, 0
477474, 0
477661, 0
477667, 0
477765, 0
477833, 0
477867, 0
477899, 0
477901, 0
477951, 0
478200, 0
478263, 0
478317, 0
478550, 0
479040, 0
479089, 0
479291, 0
479380, 0
479398, 0
479814, 0
480042, 0
480069, 0
480277, 0
480281, 0
480297, 0
480376, 0
480582, 0
480598, 0
480685, 0
481469, 0
481708, 0
481769, 0
481785, 0
482122, 0
482231, 0
482245, 0
482378, 0
482428, 0
482795, 0
482812, 0
482976, 0
482992, 0
483065, 0
483075, 0
483196, 0
483281, 0
483417, 0
483428, 0
483436, 0
483443, 0
483449, 0
483505, 0
483570, 0
483651, 0
483662, 0
483776, 0
483786, 0
483816, 0
483893, 0
484367, 0
484555, 0
484559, 0
484565, 0
484641, 0
484676, 0
484734, 0
484849, 0
485012, 0
485047, 0
485082, 0
485155, 0
485319, 0
485372, 0
485490, 0
485498, 0
485839, 0
486122, 0
486177, 0
486290, 0
486600, 0
486675, 0
487059, 0
487199, 0
487211, 0
487265, 0
487321, 0
487541, 0
487653, 0
487934, 0
488041, 0
488095, 0
488887, 0
489072, 0
489540, 0
489810, 0
489987, 0
490264, 0
490272, 0
491181, 0
491205, 0
491286, 0
491375, 0
491736, 0
491966, 0
492092, 0
492151, 0
492202, 0
492464, 0
492928, 0
492942, 0
493122, 0
493441, 0
493555, 0
493779, 0
493963, 0
494092, 0
494226, 0
495208, 0
495500, 0
495655, 0
495666, 0
495726, 0
495728, 0
495943, 0
496157, 0
496794, 0
496920, 0
496969, 0
497153, 0
497394, 0
497410, 0
497462, 0
497487, 0
497496, 0
497508, 0
497563, 0
497751, 0
497937, 0
498031, 0
498071, 0
498126, 0
498128, 0
498213, 0
498533, 0
498678, 0
498824, 0
499205, 0
499458, 0
499568, 0
499605, 0
499853, 0
500222, 0
500576, 0
500645, 0
500657, 0
500795, 0
500822, 0
500890, 0
501160, 0
501446, 0
501476, 0
501485, 0
501496, 0
502532, 0
502595, 0
503227, 0
503425, 0
503452, 0
503453, 0
503466, 0
504339, 0
504438, 0
504679, 0
504820, 0
505043, 0
505116, 0
505487, 0
506226, 0
506290, 0
506383, 0
506384, 0
506400, 0
506415, 0
506464, 0
506685, 0
506901, 0
507069, 0
507251, 0
507483, 0
507733, 0
507747, 0
507850, 0
507961, 0
508521, 0
508697, 0
509251, 0
509306, 0
509384, 0
509761, 0
509831, 0
509943, 0
510367, 0
510572, 0
510590, 0
510793, 0
510819, 0
510993, 0
511181, 0
511270, 0
511310, 0
511316, 0
511532, 0
511632, 0
511754, 0
511932, 0
512050, 0
512343, 0
512350, 0
512376, 0
512388, 0
512451, 0
513216, 0
513297, 0
513363, 0
513462, 0
514040, 0
514135, 0
514141, 0
514388, 0
514486, 0
514549, 0
514653, 0
514690, 0
514899, 0
515173, 0
515190, 0
515204, 0
515356, 0
515426, 0
515534, 0
515651, 0
515741, 0
515841, 0
515878, 0
516129, 0
516486, 0
516655, 0
516870, 0
516927, 0
517011, 0
517108, 0
517255, 0
517278, 0
517295, 0
517445, 0
517446, 0
517545, 0
517682, 0
517874, 0
518000, 0
518252, 0
518264, 0
518410, 0
518438, 0
518521, 0
518585, 0
518647, 0
518662, 0
518938, 0
519013, 0
519154, 0
519186, 0
519515, 0
519531, 0
519608, 0
519663, 0
519678, 0
519691, 0
519699, 0
519730, 0
520129, 0
520185, 0
520209, 0
520297, 0
520302, 0
520420, 0
520511, 0
520580, 0
520834, 0
521086, 0
521126, 0
521327, 0
521335, 0
521445, 0
521573, 0
521601, 0
521676, 0
521756, 0
521977, 0
522205, 0
522316, 0
522456, 0
522977, 0
523027, 0
523087, 0
523387, 0
523394, 0
523420, 0
523436, 0
523503, 0
524369, 0
524466, 0
524598, 0
524605, 0
524959, 0
525023, 0
525115, 0
525172, 0
525271, 0
525426, 0
525593, 0
525599, 0
525667, 0
526098, 0
526122, 0
526167, 0
526328, 0
526332, 0
526398, 0
527246, 0
527586, 0
527590, 0
527825, 0
527837, 0
527863, 0
527969, 0
528058, 0
528066, 0
528100, 0
528219, 0
528357, 0
528596, 0
528848, 0
528916, 0
529173, 0
529187, 0
529289, 0
529385, 0
529495, 0
529539, 0
529581, 0
529609, 0
529714, 0
529780, 0
529905, 0
530028, 0
530086, 0
530205, 0
530562, 0
530637, 0
531147, 0
531346, 0
531611, 0
531673, 0
531846, 0
531946, 0
532039, 0
532436, 0
532460, 0
532507, 0
532526, 0
532774, 0
532882, 0
533122, 0
533175, 0
533400, 0
533425, 0
533655, 0
533750, 0
533819, 0
533925, 0
533952, 0
534149, 0
534250, 0
534424, 0
534599, 0
534668, 0
534871, 0
535356, 0
535372, 0
535446, 0
535584, 0
536059, 0
536215, 0
536282, 0
536698, 0
537141, 0
537142, 0
537359, 0
537567, 0
537781, 0
537798, 0
537929, 0
538022, 0
538331, 0
538440, 0
538929, 0
539098, 0
539227, 0
539353, 0
539358, 0
539384, 0
539605, 0
539693, 0
539743, 0
539856, 0
539974, 0
540075, 0
540085, 0
540427, 0
540729, 0
540773, 0
540842, 0
540906, 0
541055, 0
541292, 0
541408, 0
541487, 0
541545, 0
541553, 0
541648, 0
541720, 0
541754, 0
542589, 0
542734, 0
542809, 0
543127, 0
543178, 0
543185, 0
543330, 0
543659, 0
543879, 0
544548, 0
544626, 0
544750, 0
545363, 0
545763, 0
546076, 0
546129, 0
546161, 0
546487, 0
546540, 0
546914, 0
547113, 0
547177, 0
547387, 0
547493, 0
547507, 0
547519, 0
547662, 0
547664, 0
547694, 0
547762, 0
547894, 0
548018, 0
548026, 0
548146, 0
548180, 0
548375, 0
548799, 0
548858, 0
548898, 0
549118, 0
549370, 0
549383, 0
549548, 0
549564, 0
549790, 0
549884, 0
550843, 0
550933, 0
550983, 0
551047, 0
551370, 0
552041, 0
552152, 0
552250, 0
552273, 0
552311, 0
552322, 0
552427, 0
552432, 0
552498, 0
552592, 0
552693, 0
553142, 0
553198, 0
553265, 0
553512, 0
553655, 0
553669, 0
553814, 0
553943, 0
554356, 0
554415, 0
554429, 0
554460, 0
554585, 0
554658, 0
554790, 0
555089, 0
555430, 0
555485, 0
555762, 0
555764, 0
555785, 0
555893, 0
555925, 0
556012, 0
556125, 0
556231, 0
556291, 0
556339, 0
556533, 0
556847, 0
557302, 0
557458, 0
557556, 0
557649, 0
557831, 0
557870, 0
558083, 0
558129, 0
558533, 0
558789, 0
559029, 0
559178, 0
559187, 0
559477, 0
559631, 0
560078, 0
560403, 0
561003, 0
561196, 0
561584, 0
561885, 0
561980, 0
562084, 0
562417, 0
562488, 0
562731, 0
562926, 0
562935, 0
563090, 0
563123, 0
563549, 0
563772, 0
563806, 0
564191, 0
564259, 0
564325, 0
564659, 0
564934, 0
565057, 0
565145, 0
565237, 0
565315, 0
565326, 0
565343, 0
565388, 0
565392, 0
565499, 0
565575, 0
565738, 0
565771, 0
565823, 0
566157, 0
566158, 0
566714, 0
566865, 0
566881, 0
566917, 0
567863, 0
568439, 0
568703, 0
568742, 0
568754, 0
568931, 0
569004, 0
569091, 0
569443, 0
569589, 0
569679, 0
569751, 0
569753, 0
569756, 0
569760, 0
569818, 0
569863, 0
570107, 0
570202, 0
570251, 0
570322, 0
570696, 0
570816, 0
570853, 0
570970, 0
571011, 0
571140, 0
571183, 0
571420, 0
571493, 0
571498, 0
571505, 0
571801, 0
571808, 0
571965, 0
572685, 0
572879, 0
572993, 0
573216, 0
573223, 0
573460, 0
573479, 0
573517, 0
573536, 0
573714, 0
573729, 0
573855, 0
574122, 0
574142, 0
574154, 0
574181, 0
574196, 0
574263, 0
574308, 0
574499, 0
574599, 0
574609, 0
574665, 0
575000, 0
575160, 0
575207, 0
575252, 0
575288, 0
575456, 0
575677, 0
575834, 0
575866, 0
575896, 0
576285, 0
576347, 0
576582, 0
576733, 0
576796, 0
576966, 0
576997, 0
577096, 0
577215, 0
577244, 0
577366, 0
577428, 0
577463, 0
577516, 0
577519, 0
577568, 0
577750, 0
577755, 0
577765, 0
577822, 0
577842, 0
577865, 0
577937, 0
577972, 0
578010, 0
578059, 0
578169, 0
578419, 0
578670, 0
578758, 0
578827, 0
578846, 0
578856, 0
579347, 0
579612, 0
579734, 0
579864, 0
579898, 0
580058, 0
580120, 0
580153, 0
580273, 0
580275, 0
580463, 0
580498, 0
580519, 0
580830, 0
581126, 0
581280, 0
581763, 0
582021, 0
582022, 0
582048, 0
582212, 0
582240, 0
582407, 0
582425, 0
582500, 0
582834, 0
582915, 0
582964, 0
582991, 0
583041, 0
583200, 0
583419, 0
583460, 0
583598, 0
583827, 0
583932, 0
583974, 0
584207, 0
584258, 0
584270, 0
584594, 0
584743, 0
584803, 0
585072, 0
585278, 0
585303, 0
585548, 0
585744, 0
586214, 0
586264, 0
586332, 0
586345, 0
586374, 0
586581, 0
586681, 0
586724, 0
586805, 0
587285, 0
587428, 0
587443, 0
587920, 0
587926, 0
588051, 0
588183, 0
588269, 0
588437, 0
588519, 0
588604, 0
588617, 0
588628, 0
588866, 0
588890, 0
588930, 0
588939, 0
589289, 0
589315, 0
589387, 0
589410, 0
589597, 0
590040, 0
590079, 0
590479, 0
590666, 0
591049, 0
591157, 0
591368, 0
591717, 0
591747, 0
591820, 0
591846, 0
592055, 0
592127, 0
592194, 0
592199, 0
592205, 0
592487, 0
592592, 0
592661, 0
592818, 0
593153, 0
593922, 0
594227, 0
594264, 0
594337, 0
594353, 0
594634, 0
594638, 0
595090, 0
595141, 0
595198, 0
595633, 0
595672, 0
595736, 0
595773, 0
595792, 0
595892, 0
595907, 0
595952, 0
596082, 0
596431, 0
596480, 0
596544, 0
596750, 0
596936, 0
597698, 0
597807, 0
597959, 0
597963, 0
598031, 0
598119, 0
598475, 0
598621, 0
598660, 0
598810, 0
599082, 0
599198, 0
599301, 0
599397, 0
599545, 0
599605, 0
599688, 0
599780, 0
599832, 0
600520, 0
600790, 0
600834, 0
600853, 0
600858, 0
600897, 0
600941, 0
600956, 0
601097, 0
601180, 0
601215, 0
601324, 0
601634, 0
601974, 0
602165, 0
602438, 0
602463, 0
602517, 0
602746, 0
602836, 0
602949, 0
602955, 0
603071, 0
603086, 0
603234, 0
603580, 0
603804, 0
603818, 0
603976, 0
604278, 0
604800, 0
605065, 0
605221, 0
605251, 0
605274, 0
605522, 0
605706, 0
605872, 0
606397, 0
606830, 0
606962, 0
607103, 0
607193, 0
607424, 0
608065, 0
608120, 0
608389, 0
608650, 0
608653, 0
608733, 0
608968, 0
609067, 0
609073, 0
609230, 0
609236, 0
609272, 0
609304, 0
609570, 0
609615, 0
609847, 0
609908, 0
610097, 0
610115, 0
610139, 0
610516, 0
610828, 0
610908, 0
611112, 0
611333, 0
611385, 0
611425, 0
611437, 0
611788, 0
611890, 0
611919, 0
612105, 0
612313, 0
612327, 0
612359, 0
612383, 0
612536, 0
612770, 0
613173, 0
613195, 0
613308, 0
613439, 0
613690, 0
613810, 0
613816, 0
614198, 0
614325, 0
614330, 0
614360, 0
614369, 0
614464, 0
614559, 0
614566, 0
614586, 0
614638, 0
614662, 0
615137, 0
615155, 0
615213, 0
615252, 0
615411, 0
615505, 0
615506, 0
615582, 0
615730, 0
615904, 0
615921, 0
616153, 0
616373, 0
616462, 0
616706, 0
616806, 0
617024, 0
617081, 0
617098, 0
617960, 0
617971, 0
618181, 0
618359, 0
618430, 0
618463, 0
618469, 0
618547, 0
618699, 0
619057, 0
619082, 0
619127, 0
619151, 0
619203, 0
619403, 0
619518, 0
619798, 0
619932, 0
620100, 0
620103, 0
620170, 0
620595, 0
620623, 0
620742, 0
621116, 0
621221, 0
621466, 0
621468, 0
622114, 0
622487, 0
622560, 0
623158, 0
623283, 0
623291, 0
623357, 0
623387, 0
623398, 0
623445, 0
624713, 0
624743, 0
624756, 0
624881, 0
624899, 0
625182, 0
625404, 0
625463, 0
625709, 0
625924, 0
626076, 0
626667, 0
626681, 0
626692, 0
626730, 0
626742, 0
626926, 0
626978, 0
627042, 0
627068, 0
627331, 0
627408, 0
627516, 0
627765, 0
627986, 0
628337, 0
629124, 0
629662, 0
629664, 0
629789, 0
629842, 0
630451, 0
631232, 0
631251, 0
631714, 0
632253, 0
632471, 0
633018, 0
633232, 0
633281, 0
633448, 0
633494, 0
633503, 0
633529, 0
633696, 0
633757, 0
633803, 0
633860, 0
634104, 0
634352, 0
634525, 0
634553, 0
634885, 0
635360, 0
635676, 0
635734, 0
635744, 0
635871, 0
635873, 0
636018, 0
636293, 0
636322, 0
636323, 0
636349, 0
636403, 0
636497, 0
636535, 0
636891, 0
636974, 0
636993, 0
637116, 0
637178, 0
637382, 0
637670, 0
637782, 0
638043, 0
638337, 0
638434, 0
638967, 0
639234, 0
639302, 0
639406, 0
639693, 0
639724, 0
639740, 0
639891, 0
639916, 0
639944, 0
640100, 0
640339, 0
640407, 0
640625, 0
640660, 0
640830, 0
640923, 0
641338, 0
641755, 0
641758, 0
642184, 0
642453, 0
642459, 0
642922, 0
642974, 0
643007, 0
643114, 0
643210, 0
643267, 0
643270, 0
643281, 0
643301, 0
643338, 0
643365, 0
643484, 0
643672, 0
643936, 0
643968, 0
644063, 0
644571, 0
644583, 0
644642, 0
644760, 0
644763, 0
644790, 0
644813, 0
644940, 0
644966, 0
645145, 0
645176, 0
645250, 0
645384, 0
645520, 0
645770, 0
645902, 0
646027, 0
646327, 0
646652, 0
647470, 0
647694, 0
647760, 0
647827, 0
647973, 0
648480, 0
648780, 0
649002, 0
649231, 0
649518, 0
650504, 0
650747, 0
650999, 0
652019, 0
652025, 0
652141, 0
652371, 0
652576, 0
653336, 0
653526, 0
653559, 0
653648, 0
654195, 0
654550, 0
654551, 0
655058, 0
655134, 0
655177, 0
655411, 0
655474, 0
655636, 0
656113, 0
656216, 0
656250, 0
656286, 0
656575, 0
656864, 0
656978, 0
657010, 0
657354, 0
658086, 0
658565, 0
658598, 0
658825, 0
658868, 0
659166, 0
659361, 0
659499, 0
659588, 0
659721, 0
659767, 0
659790, 0
659833, 0
659873, 0
659883, 0
659884, 0
659946, 0
660004, 0
660056, 0
660077, 0
660134, 0
660284, 0
660516, 0
660544, 0
660772, 0
660812, 0
660848, 0
661077, 0
661257, 0
661365, 0
661414, 0
661455, 0
661564, 0
661701, 0
661835, 0
662282, 0
662397, 0
662779, 0
662841, 0
663125, 0
663391, 0
663566, 0
663799, 0
663854, 0
663889, 0
664015, 0
664172, 0
664256, 0
664286, 0
664545, 0
664684, 0
664708, 0
664820, 0
664923, 0
665056, 0
665073, 0
665232, 0
666076, 0
666228, 0
666277, 0
666577, 0
666991, 0
667143, 0
667680, 0
667977, 0
668044, 0
668295, 0
668346, 0
668833, 0
669597, 0
669822, 0
670086, 0
670359, 0
670679, 0
670771, 0
670878, 0
671008, 0
671240, 0
671661, 0
671686, 0
671866, 0
671887, 0
672259, 0
672290, 0
672323, 0
672599, 0
672769, 0
673649, 0
674109, 0
674343, 0
674471, 0
674509, 0
674553, 0
674695, 0
675075, 0
675086, 0
675367, 0
675369, 0
676571, 0
677306, 0
677397, 0
678262, 0
678736, 0
679137, 0
679197, 0
679241, 0
679810, 0
679826, 0
680121, 0
680310, 0
680484, 0
680933, 0
681022, 0
681446, 0
682158, 0
682988, 0
683079, 0
683306, 0
683384, 0
683396, 0
683406, 0
683798, 0
684202, 0
684212, 0
684276, 0
684395, 0
684792, 0
684882, 0
684952, 0
685317, 0
685499, 0
685696, 0
686030, 0
686077, 0
686296, 0
686510, 0
686767, 0
687412, 0
687685, 0
687691, 0
687759, 0
687827, 0
688295, 0
688334, 0
688399, 0
688639, 0
688640, 0
688679, 0
688721, 0
688977, 0
689576, 0
690170, 0
690213, 0
690258, 0
690763, 0
690810, 0
691044, 0
691197, 0
691233, 0
691241, 0
691676, 0
691912, 0
692127, 0
692409, 0
692610, 0
692742, 0
692929, 0
693085, 0
693248, 0
693333, 0
693345, 0
693371, 0
693426, 0
693700, 0
693785, 0
693930, 0
694005, 0
694051, 0
694432, 0
694436, 0
695249, 0
695281, 0
695681, 0
695708, 0
695821, 0
695858, 0
696184, 0
696220, 0
696435, 0
696698, 0
696880, 0
697022, 0
697132, 0
697147, 0
697427, 0
697599, 0
697734, 0
698391, 0
699082, 0
699211, 0
699610, 0
699703, 0
700217, 0
700323, 0
700771, 0
700835, 0
700867, 0
700978, 0
701016, 0
701380, 0
701420, 0
701487, 0
701709, 0
701977, 0
702229, 0
702289, 0
702605, 0
702676, 0
702745, 0
703080, 0
703184, 0
703504, 0
703697, 0
703841, 0
703994, 0
704726, 0
704880, 0
704915, 0
705350, 0
705642, 0
705821, 0
706435, 0
706525, 0
706775, 0
706882, 0
707266, 0
707299, 0
707352, 0
707362, 0
707668, 0
707674, 0
708302, 0
708898, 0
708910, 0
709022, 0
709070, 0
709457, 0
709628, 0
710037, 0
710203, 0
710245, 0
710260, 0
710416, 0
710579, 0
710636, 0
710702, 0
711077, 0
711095, 0
711190, 0
711305, 0
711324, 0
711392, 0
711653, 0
711710, 0
711907, 0
711954, 0
711958, 0
712030, 0
712054, 0
712092, 0
712135, 0
712208, 0
712333, 0
712365, 0
712481, 0
712612, 0
712684, 0
712878, 0
712911, 0
713116, 0
713453, 0
713709, 0
713717, 0
713736, 0
713811, 0
714026, 0
714267, 0
714347, 0
714714, 0
714766, 0
714926, 0
715663, 0
715887, 0
716490, 0
716623, 0
716660, 0
716828, 0
716891, 0
717298, 0
717403, 0
717511, 0
717584, 0
717762, 0
718104, 0
718327, 0
718645, 0
718782, 0
718820, 0
719082, 0
719131, 0
719253, 0
719648, 0
719721, 0
719997, 0
720003, 0
720042, 0
720584, 0
720852, 0
721143, 0
721214, 0
721748, 0
721757, 0
722031, 0
722089, 0
722309, 0
722537, 0
722541, 0
723062, 0
723815, 0
724098, 0
724120, 0
724254, 0
724527, 0
724854, 0
725053, 0
725400, 0
725700, 0
725716, 0
725895, 0
726142, 0
726326, 0
726328, 0
726349, 0
726507, 0
726711, 0
726989, 0
727016, 0
727693, 0
728214, 0
728547, 0
728816, 0
729294, 0
729908, 0
730070, 0
730123, 0
730368, 0
730578, 0
731100, 0
731672, 0
731776, 0
731815, 0
731916, 0
731972, 0
732548, 0
732589, 0
732634, 0
732690, 0
733117, 0
733170, 0
733283, 0
733658, 0
733810, 0
733928, 0
733993, 0
734022, 0
734135, 0
734408, 0
734603, 0
734764, 0
734834, 0
735024, 0
735166, 0
735465, 0
735509, 0
735512, 0
735561, 0
735571, 0
736073, 0
736085, 0
736280, 0
736495, 0
736582, 0
736599, 0
736643, 0
736785, 0
736859, 0
736960, 0
737041, 0
737087, 0
737462, 0
737482, 0
737504, 0
737633, 0
737667, 0
737889, 0
737955, 0
737981, 0
738133, 0
738248, 0
738478, 0
738584, 0
738614, 0
738828, 0
739106, 0
739198, 0
739310, 0
739522, 0
739549, 0
739849, 0
739858, 0
739975, 0
740412, 0
740645, 0
740694, 0
740756, 0
741051, 0
741290, 0
741361, 0
741383, 0
741431, 0
741442, 0
741622, 0
741673, 0
741793, 0
741839, 0
741934, 0
741942, 0
742382, 0
742509, 0
743313, 0
743373, 0
743448, 0
743450, 0
744073, 0
744148, 0
744420, 0
744537, 0
744556, 0
744561, 0
744640, 0
744775, 0
745050, 0
745180, 0
745367, 0
745665, 0
745706, 0
745707, 0
745880, 0
745915, 0
745923, 0
745959, 0
745992, 0
746042, 0
746051, 0
746084, 0
746109, 0
746235, 0
746341, 0
746354, 0
746368, 0
746382, 0
746453, 0
746597, 0
746637, 0
746666, 0
746678, 0
746821, 0
746837, 0
746982, 0
747088, 0
747115, 0
747198, 0
747403, 0
747418, 0
747457, 0
747570, 0
747922, 0
747994, 0
748108, 0
748173, 0
748516, 0
748632, 0
749715, 0
749753, 0
750274, 0
750469, 0
750623, 0
750715, 0
750869, 0
750956, 0
751062, 0
751114, 0
751240, 0
751258, 0
751259, 0
751342, 0
751414, 0
751423, 0
751472, 0
751513, 0
751555, 0
751562, 0
752192, 0
752230, 0
752251, 0
752322, 0
752618, 0
752709, 0
752731, 0
752747, 0
752817, 0
753020, 0
753313, 0
753616, 0
753646, 0
753987, 0
754091, 0
754112, 0
754229, 0
754259, 0
754311, 0
754334, 0
754335, 0
754372, 0
754486, 0
754711, 0
754722, 0
754764, 0
754793, 0
754862, 0
754894, 0
754976, 0
755002, 0
755202, 0
755387, 0
755479, 0
755490, 0
755498, 0
755580, 0
755663, 0
755887, 0
756200, 0
756328, 0
756395, 0
756442, 0
756544, 0
757078, 0
757247, 0
757269, 0
757359, 0
757418, 0
757613, 0
757643, 0
757667, 0
757716, 0
758055, 0
758251, 0
758569, 0
758657, 0
758801, 0
758815, 0
758954, 0
758963, 0
758966, 0
759264, 0
759372, 0
759685, 0
759702, 0
759799, 0
759814, 0
759900, 0
760070, 0
760074, 0
760257, 0
760318, 0
760446, 0
760523, 0
760718, 0
760836, 0
760951, 0
761083, 0
761120, 0
761344, 0
761428, 0
761525, 0
761611, 0
761663, 0
761699, 0
761766, 0
761839, 0
762016, 0
762248, 0
762305, 0
762440, 0
762635, 0
762927, 0
762931, 0
763084, 0
763121, 0
763188, 0
763519, 0
763822, 0
763856, 0
764085, 0
764335, 0
764714, 0
764802, 0
764923, 0
765020, 0
765053, 0
765117, 0
765312, 0
765644, 0
765784, 0
765962, 0
766141, 0
766157, 0
766239, 0
766874, 0
767379, 0
767506, 0
767830, 0
768213, 0
768392, 0
768566, 0
768688, 0
768701, 0
768802, 0
768833, 0
769369, 0
769549, 0
769550, 0
770297, 0
770421, 0
771381, 0
772014, 0
772102, 0
772567, 0
772647, 0
772689, 0
772738, 0
772929, 0
773005, 0
773019, 0
773107, 0
773509, 0
773517, 0
773650, 0
773655, 0
773812, 0
774032, 0
774103, 0
774210, 0
774308, 0
774368, 0
774469, 0
774728, 0
775241, 0
775288, 0
775350, 0
775712, 0
776632, 0
776935, 0
777105, 0
777166, 0
777377, 0
777470, 0
777642, 0
777675, 0
777683, 0
777942, 0
777963, 0
778014, 0
778136, 0
778221, 0
778508, 0
778545, 0
778566, 0
778609, 0
778713, 0
779003, 0
779058, 0
779076, 0
779096, 0
779139, 0
779235, 0
779276, 0
779422, 0
779447, 0
779507, 0
779547, 0
779861, 0
779980, 0
780102, 0
780120, 0
780190, 0
780548, 0
780768, 0
780774, 0
781105, 0
781109, 0
781434, 0
781488, 0
781533, 0
781603, 0
781742, 0
781884, 0
781897, 0
781934, 0
782031, 0
782214, 0
782284, 0
782626, 0
782637, 0
782702, 0
782722, 0
782974, 0
783060, 0
783175, 0
783182, 0
783400, 0
783420, 0
783569, 0
783672, 0
783774, 0
783825, 0
783867, 0
784060, 0
784143, 0
784160, 0
784253, 0
784366, 0
784374, 0
784410, 0
784497, 0
784642, 0
784664, 0
784745, 0
784824, 0
784846, 0
784968, 0
785005, 0
785152, 0
785170, 0
785279, 0
785335, 0
785526, 0
785666, 0
785713, 0
785814, 0
785990, 0
786262, 0
786270, 0
786276, 0
786282, 0
786360, 0
786375, 0
787103, 0
787144, 0
787229, 0
787304, 0
787470, 0
787491, 0
788140, 0
788313, 0
788316, 0
788317, 0
788408, 0
788754, 0
788769, 0
788818, 0
788949, 0
789000, 0
789382, 0
789423, 0
789548, 0
789763, 0
789888, 0
789997, 0
790084, 0
790155, 0
790217, 0
790233, 0
790242, 0
790942, 0
791314, 0
791407, 0
791513, 0
791598, 0
791633, 0
791906, 0
792217, 0
792585, 0
792761, 0
792787, 0
792878, 0
792987, 0
793148, 0
793179, 0
793249, 0
793264, 0
793275, 0
793292, 0
793640, 0
793737, 0
793796, 0
794039, 0
794249, 0
794677, 0
795197, 0
795471, 0
795522, 0
795639, 0
795651, 0
795861, 0
795896, 0
795931, 0
795943, 0
796019, 0
796446, 0
796581, 0
796600, 0
796696, 0
796828, 0
797168, 0
797250, 0
797402, 0
797447, 0
797452, 0
797574, 0
797659, 0
797994, 0
798090, 0
798235, 0
798408, 0
798526, 0
798591, 0
798637, 0
798642, 0
799063, 0
799126, 0
799248, 0
799330, 0
799364, 0
799399, 0
799492, 0
799549, 0
799573, 0
799639, 0
799648, 0
799682, 0
799713, 0
800170, 0
800245, 0
800650, 0
800879, 0
800980, 0
801297, 0
801327, 0
801333, 0
801538, 0
801627, 0
801735, 0
801801, 0
801902, 0
802025, 0
802133, 0
802187, 0
802363, 0
802837, 0
803182, 0
803323, 0
803340, 0
803445, 0
803577, 0
803624, 0
803845, 0
804063, 0
804107, 0
804520, 0
804567, 0
804773, 0
804881, 0
804981, 0
805321, 0
805477, 0
805483, 0
805489, 0
805615, 0
805668, 0
805745, 0
805837, 0
805951, 0
806054, 0
806055, 0
806231, 0
806453, 0
806598, 0
807046, 0
807178, 0
807216, 0
807316, 0
807363, 0
807526, 0
807545, 0
807611, 0
807660, 0
807763, 0
807825, 0
807881, 0
807892, 0
808312, 0
808442, 0
808481, 0
808499, 0
808521, 0
808598, 0
808632, 0
809138, 0
809244, 0
809475, 0
809597, 0
809673, 0
809945, 0
809997, 0
810150, 0
810205, 0
810464, 0
810558, 0
810686, 0
810687, 0
810699, 0
810700, 0
810845, 0
810882, 0
810926, 0
810976, 0
811026, 0
811055, 0
811458, 0
811538, 0
811584, 0
811699, 0
812033, 0
812179, 0
812245, 0
812294, 0
812359, 0
812364, 0
812396, 0
812457, 0
812557, 0
812675, 0
812816, 0
813216, 0
813320, 0
813555, 0
813583, 0
813687, 0
813811, 0
813838, 0
813854, 0
813894, 0
813927, 0
813953, 0
813976, 0
814072, 0
814081, 0
814125, 0
814249, 0
814410, 0
814987, 0
815367, 0
815378, 0
815533, 0
815618, 0
815744, 0
815809, 0
815835, 0
815864, 0
815955, 0
816080, 0
816087, 0
816094, 0
816109, 0
816229, 0
816303, 0
816305, 0
816344, 0
816347, 0
816371, 0
816610, 0
816658, 0
816698, 0
816830, 0
816990, 0
817055, 0
817090, 0
817159, 0
817162, 0
817163, 0
817416, 0
817972, 0
818108, 0
818161, 0
818171, 0
818261, 0
818376, 0
818387, 0
818582, 0
818652, 0
818703, 0
818723, 0
818789, 0
818929, 0
818936, 0
819001, 0
819249, 0
819475, 0
819545, 0
820033, 0
820114, 0
820141, 0
820573, 0
820679, 0
820796, 0
820855, 0
820883, 0
821043, 0
821127, 0
821274, 0
821371, 0
821406, 0
821454, 0
821552, 0
821932, 0
822736, 0
822875, 0
823113, 0
823344, 0
823466, 0
823471, 0
823922, 0
824322, 0
824347, 0
824492, 0
824533, 0
824538, 0
824588, 0
824613, 0
824620, 0
824659, 0
825239, 0
825350, 0
825352, 0
825582, 0
825675, 0
825894, 0
826458, 0
826863, 0
826996, 0
826999, 0
827091, 0
827127, 0
827506, 0
827529, 0
827662, 0
827805, 0
827861, 0
827914, 0
828112, 0
828288, 0
828336, 0
828398, 0
828781, 0
828820, 0
828883, 0
828997, 0
829082, 0
829244, 0
829443, 0
829614, 0
829641, 0
829768, 0
830000, 0
830012, 0
830107, 0
830155, 0
830277, 0
830488, 0
830560, 0
830664, 0
831067, 0
831523, 0
831590, 0
832087, 0
832207, 0
832441, 0
832818, 0
833070, 0
833160, 0
833306, 0
833695, 0
833723, 0
833781, 0
833832, 0
833834, 0
834398, 0
834642, 0
834719, 0
834778, 0
834786, 0
834823, 0
834997, 0
835038, 0
835058, 0
835074, 0
835311, 0
835546, 0
835547, 0
835744, 0
836188, 0
836232, 0
836293, 0
836402, 0
836482, 0
836662, 0
836866, 0
836980, 0
837272, 0
837275, 0
837321, 0
837467, 0
838191, 0
838268, 0
838330, 0
838860, 0
839045, 0
839418, 0
839698, 0
840274, 0
840429, 0
840600, 0
840981, 0
841035, 0
841106, 0
841173, 0
841532, 0
841539, 0
841571, 0
841598, 0
841672, 0
841893, 0
841969, 0
842347, 0
842570, 0
844006, 0
844067, 0
844186, 0
844437, 0
844765, 0
844856, 0
844968, 0
845399, 0
845947, 0
846234, 0
846242, 0
846326, 0
846619, 0
847811, 0
848210, 0
848469, 0
848489, 0
848583, 0
848700, 0
848760, 0
848888, 0
849153, 0
849240, 0
849485, 0
849748, 0
849931, 0
850358, 0
850475, 0
850977, 0
851242, 0
851354, 0
851373, 0
851467, 0
851505, 0
851601, 0
851960, 0
852055, 0
852270, 0
852436, 0
852629, 0
852730, 0
852946, 0
853035, 0
853234, 0
853355, 0
853514, 0
853861, 0
853930, 0
853937, 0
854173, 0
854188, 0
854232, 0
854683, 0
854801, 0
855268, 0
855770, 0
855953, 0
856057, 0
856089, 0
856265, 0
856410, 0
856635, 0
857336, 0
857410, 0
857866, 0
857980, 0
858647, 0
858906, 0
859333, 0
859486, 0
859730, 0
859944, 0
860169, 0
860274, 0
860800, 0
861480, 0
861484, 0
861506, 0
861575, 0
861762, 0
862154, 0
862211, 0
862279, 0
862326, 0
862439, 0
862445, 0
862606, 0
862912, 0
862976, 0
862984, 0
863203, 0
863741, 0
864226, 0
864239, 0
864364, 0
864485, 0
865054, 0
865330, 0
865452, 0
865501, 0
865600, 0
865605, 0
865825, 0
866353, 0
866882, 0
867093, 0
867302, 0
868128, 0
868365, 0
868527, 0
868621, 0
868651, 0
868742, 0
869145, 0
869150, 0
869272, 0
869378, 0
869797, 0
869962, 0
870225, 0
870446, 0
870555, 0
870573, 0
870675, 0
870706, 0
870846, 0
870974, 0
871339, 0
871429, 0
871430, 0
871530, 0
871593, 0
871661, 0
871877, 0
872082, 0
872084, 0
872439, 0
872522, 0
872775, 0
873231, 0
873423, 0
873497, 0
873691, 0
873805, 0
874124, 0
874244, 0
874443, 0
874825, 0
874858, 0
874944, 0
875043, 0
875082, 0
875083, 0
875195, 0
875351, 0
875391, 0
875406, 0
875509, 0
875531, 0
876058, 0
876326, 0
876704, 0
876800, 0
876983, 0
877050, 0
877365, 0
877463, 0
877537, 0
877574, 0
877633, 0
877713, 0
878639, 0
878691, 0
878756, 0
879198, 0
879777, 0
879789, 0
879797, 0
880181, 0
880183, 0
880212, 0
880401, 0
880588, 0
880781, 0
880824, 0
881034, 0
881146, 0
881164, 0
881418, 0
881500, 0
882289, 0
882623, 0
882759, 0
882767, 0
882913, 0
882935, 0
883133, 0
883302, 0
883504, 0
883675, 0
883722, 0
883732, 0
883845, 0
883960, 0
884054, 0
884252, 0
884253, 0
884483, 0
884599, 0
884768, 0
884773, 0
884778, 0
885056, 0
885168, 0
885231, 0
885255, 0
885294, 0
885312, 0
885321, 0
885401, 0
885427, 0
885429, 0
885437, 0
885453, 0
885480, 0
885566, 0
885618, 0
885855, 0
885860, 0
885912, 0
885993, 0
886122, 0
886162, 0
886204, 0
886320, 0
886359, 0
886578, 0
886694, 0
886706, 0
886739, 0
886815, 0
886948, 0
887360, 0
887457, 0
887694, 0
887874, 0
888123, 0
888146, 0
888319, 0
888334, 0
888878, 0
889138, 0
889409, 0
889440, 0
889482, 0
889565, 0
889663, 0
890152, 0
890231, 0
890587, 0
890620, 0
890700, 0
890880, 0
891089, 0
891118, 0
891227, 0
891420, 0
891729, 0
891794, 0
892107, 0
892180, 0
892363, 0
892555, 0
892897, 0
893449, 0
893521, 0
893634, 0
893656, 0
893798, 0
893894, 0
893972, 0
894517, 0
894643, 0
894653, 0
894701, 0
895340, 0
895447, 0
895512, 0
895653, 0
895726, 0
895745, 0
895761, 0
896300, 0
896306, 0
896368, 0
896376, 0
896386, 0
896540, 0
896793, 0
896853, 0
897025, 0
897032, 0
897130, 0
897134, 0
897135, 0
897393, 0
897442, 0
897507, 0
897617, 0
897620, 0
897854, 0
897911, 0
898258, 0
898294, 0
898606, 0
898689, 0
898742, 0
898817, 0
898953, 0
899034, 0
899045, 0
899046, 0
899323, 0
899661, 0
899747, 0
899756, 0
899870, 0
900067, 0
900099, 0
900178, 0
900327, 0
900395, 0
900448, 0
900578, 0
900636, 0
900643, 0
900968, 0
901063, 0
901096, 0
901180, 0
901469, 0
901472, 0
901842, 0
902187, 0
902613, 0
902907, 0
902911, 0
903328, 0
904852, 0
904936, 0
905115, 0
905202, 0
905654, 0
905755, 0
905872, 0
905945, 0
906130, 0
906162, 0
906199, 0
906207, 0
906343, 0
906902, 0
907080, 0
907135, 0
907199, 0
907542, 0
907995, 0
908114, 0
908346, 0
908354, 0
908437, 0
908615, 0
908745, 0
908917, 0
909141, 0
909209, 0
909241, 0
909396, 0
909435, 0
909471, 0
909482, 0
909522, 0
909668, 0
909728, 0
909765, 0
909917, 0
909926, 0
910146, 0
910152, 0
910870, 0
910923, 0
911042, 0
911236, 0
911289, 0
911330, 0
911438, 0
911700, 0
911825, 0
912002, 0
912015, 0
912147, 0
912321, 0
912365, 0
912369, 0
912757, 0
912805, 0
913236, 0
913298, 0
913300, 0
913307, 0
913674, 0
913752, 0
914319, 0
914399, 0
914621, 0
914656, 0
914666, 0
915033, 0
915232, 0
915242, 0
915246, 0
915306, 0
915603, 0
915647, 0
915840, 0
915883, 0
915942, 0
915962, 0
916199, 0
916203, 0
916280, 0
916354, 0
916429, 0
916566, 0
916773, 0
916832, 0
917083, 0
917352, 0
917356, 0
917825, 0
917898, 0
918246, 0
918331, 0
918471, 0
918482, 0
918698, 0
918871, 0
918889, 0
919051, 0
919149, 0
919163, 0
919346, 0
919698, 0
919713, 0
919789, 0
919834, 0
919971, 0
920064, 0
920369, 0
920546, 0
920659, 0
920749, 0
920970, 0
921142, 0
921563, 0
921839, 0
921938, 0
922026, 0
922222, 0
922326, 0
922370, 0
922395, 0
922495, 0
922648, 0
922780, 0
922966, 0
923494, 0
923797, 0
923954, 0
924089, 0
924203, 0
924210, 0
924558, 0
924653, 0
925123, 0
925663, 0
925695, 0
925727, 0
925732, 0
925947, 0
926121, 0
926979, 0
927120, 0
927241, 0
927272, 0
927327, 0
927394, 0
927515, 0
927989, 0
927996, 0
928122, 0
928358, 0
928593, 0
928616, 0
928748, 0
928922, 0
929254, 0
929347, 0
929364, 0
929416, 0
929523, 0
929594, 0
929822, 0
930150, 0
930835, 0
931337, 0
932012, 0
932060, 0
933121, 0
933497, 0
934840, 0
934867, 0
935043, 0
935136, 0
935896, 0
936177, 0
936249, 0
936714, 0
936927, 0
937100, 0
937117, 0
938013, 0
938389, 0
938536, 0
940066, 0
940326, 0
940346, 0
940487, 0
940539, 0
940734, 0
940913, 0
941069, 0
942201, 0
942304, 0
942325, 0
942383, 0
942403, 0
943044, 0
943501, 0
943578, 0
943811, 0
943867, 0
943923, 0
944153, 0
944345, 0
944507, 0
944514, 0
944519, 0
944927, 0
944962, 0
945026, 0
945192, 0
945345, 0
945480, 0
945483, 0
945523, 0
945596, 0
945616, 0
945880, 0
945980, 0
946070, 0
946099, 0
946222, 0
946433, 0
946555, 0
946913, 0
946916, 0
946941, 0
947033, 0
947099, 0
947139, 0
947358, 0
947408, 0
948167, 0
948173, 0
948239, 0
948590, 0
948674, 0
948701, 0
948990, 0
949071, 0
949217, 0
949330, 0
949402, 0
949406, 0
949485, 0
949558, 0
949618, 0
949751, 0
949843, 0
949890, 0
950037, 0
950071, 0
950081, 0
950107, 0
950178, 0
950280, 0
950385, 0
950407, 0
950701, 0
950710, 0
950854, 0
951052, 0
951216, 0
951263, 0
951822, 0
952512, 0
952537, 0
952629, 0
953007, 0
953239, 0
953328, 0
953494, 0
953561, 0
953565, 0
953679, 0
953910, 0
953913, 0
954592, 0
954614, 0
954620, 0
954826, 0
954919, 0
954974, 0
955083, 0
955120, 0
955205, 0
955275, 0
955286, 0
955489, 0
955720, 0
955977, 0
956358, 0
956484, 0
956859, 0
956988, 0
957067, 0
957476, 0
957825, 0
958069, 0
958114, 0
958185, 0
958530, 0
958584, 0
958773, 0
958937, 0
959053, 0
959130, 0
959260, 0
959287, 0
959729, 0
959809, 0
959940, 0
960015, 0
960188, 0
960671, 0
960706, 0
961165, 0
961286, 0
961531, 0
961554, 0
961571, 0
961633, 0
961712, 0
961867, 0
961921, 0
962084, 0
962360, 0
962583, 0
962680, 0
962725, 0
962801, 0
962889, 0
962895, 0
962936, 0
963107, 0
963400, 0
963466, 0
963516, 0
963589, 0
963863, 0
963943, 0
964061, 0
964095, 0
964215, 0
964269, 0
964291, 0
964374, 0
964437, 0
964448, 0
964504, 0
964602, 0
964697, 0
964764, 0
964908, 0
965279, 0
965494, 0
965511, 0
965757, 0
965985, 0
966167, 0
966516, 0
966668, 0
966676, 0
966700, 0
967064, 0
967107, 0
967246, 0
967303, 0
967374, 0
967381, 0
967633, 0
967714, 0
967908, 0
967968, 0
968039, 0
968125, 0
968534, 0
968755, 0
968885, 0
968995, 0
969019, 0
969042, 0
969252, 0
969278, 0
969290, 0
969299, 0
969334, 0
969411, 0
969708, 0
969824, 0
969833, 0
969964, 0
969981, 0
970099, 0
970152, 0
970355, 0
970533, 0
970852, 0
970940, 0
971085, 0
971221, 0
971346, 0
971355, 0
971360, 0
971413, 0
971488, 0
971491, 0
971540, 0
971560, 0
971583, 0
971590, 0
971725, 0
971732, 0
971820, 0
971889, 0
971960, 0
971988, 0
972012, 0
972100, 0
972348, 0
972518, 0
972580, 0
972582, 0
972645, 0
972826, 0
972844, 0
973013, 0
973135, 0
973276, 0
973552, 0
973591, 0
974027, 0
974133, 0
974178, 0
974194, 0
974220, 0
974377, 0
974519, 0
974774, 0
974814, 0
974877, 0
975019, 0
975025, 0
975062, 0
975069, 0
975433, 0
975530, 0
975531, 0
975570, 0
975685, 0
975759, 0
975770, 0
975879, 0
975925, 0
975952, 0
976039, 0
976163, 0
976179, 0
976200, 0
977625, 0
977680, 0
977752, 0
977789, 0
977829, 0
977886, 0
978004, 0
978009, 0
978124, 0
978196, 0
978312, 0
978448, 0
978753, 0
978754, 0
978776, 0
978915, 0
979024, 0
979150, 0
979248, 0
979440, 0
979595, 0
979779, 0
979804, 0
980206, 0
980504, 0
980726, 0
980755, 0
981157, 0
981360, 0
981957, 0
982143, 0
982224, 0
982403, 0
982404, 0
982468, 0
982540, 0
982740, 0
983065, 0
983070, 0
983245, 0
983303, 0
983315, 0
983320, 0
983359, 0
983397, 0
983412, 0
984123, 0
984157, 0
984232, 0
984654, 0
984762, 0
984852, 0
985070, 0
985085, 0
985539, 0
985640, 0
985706, 0
985797, 0
986001, 0
986258, 0
986328, 0
986959, 0
987024, 0
987655, 0
988252, 0
988437, 0
988842, 0
988898, 0
988950, 0
988961, 0
988965, 0
989213, 0
989489, 0
989507, 0
989611, 0
989666, 0
989695, 0
989769, 0
989784, 0
989786, 0
991114, 0
991204, 0
991518, 0
991548, 0
991581, 0
991859, 0
991903, 0
992182, 0
992295, 0
992376, 0
992433, 0
993020, 0
993067, 0
993098, 0
993329, 0
994192, 0
994352, 0
994435, 0
994493, 0
994574, 0
994643, 0
994704, 0
994826, 0
995046, 0
995239, 0
995323, 0
995517, 0
995800, 0
995831, 0
995878, 0
995964, 0
996139, 0
996241, 0
996304, 0
996365, 0
996487, 0
996721, 0
996732, 0
996790, 0
996891, 0
996914, 0
996924, 0
996974, 0
997108, 0
997162, 0
997215, 0
997305, 0
997319, 0
997640, 0
997646, 0
997664, 0
997732, 0
997795, 0
997800, 0
997834, 0
997922, 0
997987, 0
998224, 0
998246, 0
998266, 0
998445, 0
998535, 0
998566, 0
998627, 0
998684, 0
998834, 0
998852, 0
998941, 0
999012, 0
999017, 0
999114, 0
999122, 0
999147, 0
999312, 0
999535, 0
999874, 0
1000240, 0
1000895, 0
1001109, 0
1001227, 0
1001233, 0
1001305, 0
1001422, 0
1001450, 0
1001468, 0
1001700, 0
1002122, 0
1002180, 0
1002232, 0
1002528, 0
1002637, 0
1002784, 0
1002899, 0
1002980, 0
1003775, 0
1003858, 0
1003892, 0
1004093, 0
1004471, 0
1004664, 0
1004825, 0
1004990, 0
1005145, 0
1005177, 0
1005546, 0
1005618, 0
1006025, 0
1006569, 0
1006636, 0
1006793, 0
1006980, 0
1007445, 0
1007648, 0
1007669, 0
1007696, 0
1007709, 0
1007953, 0
1007990, 0
1008102, 0
1008300, 0
1008419, 0
1008762, 0
1008923, 0
1009287, 0
1009372, 0
1009698, 0
1009903, 0
1009952, 0
1010014, 0
1010204, 0
1010303, 0
1010412, 0
1010503, 0
1010759, 0
1011044, 0
1011155, 0
1011156, 0
1011227, 0
1011243, 0
1011508, 0
1011557, 0
1011688, 0
1011896, 0
1012137, 0
1012427, 0
1012523, 0
1012616, 0
1012647, 0
1012678, 0
1013611, 0
1013727, 0
1013765, 0
1014369, 0
1014464, 0
1014548, 0
1014596, 0
1014825, 0
1015113, 0
1015190, 0
1015203, 0
1015558, 0
1015682, 0
1015926, 0
1015955, 0
1016065, 0
1016109, 0
1016530, 0
1016579, 0
1016641, 0
1016768, 0
1017199, 0
1017283, 0
1017310, 0
1017314, 0
1017316, 0
1017489, 0
1017674, 0
1017688, 0
1017845, 0
1017985, 0
1018480, 0
1018533, 0
1018541, 0
1018562, 0
1018710, 0
1018822, 0
1018954, 0
1019096, 0
1019114, 0
1019179, 0
1019266, 0
1019272, 0
1019331, 0
1019365, 0
1019414, 0
1019466, 0
1019526, 0
1019531, 0
1019651, 0
1019686, 0
1019702, 0
1019707, 0
1019708, 0
1020184, 0
1020196, 0
1020222, 0
1020341, 0
1020507, 0
1021007, 0
1021472, 0
1022078, 0
1022146, 0
1022254, 0
1022455, 0
1022488, 0
1022551, 0
1022571, 0
1022636, 0
1022660, 0
1022700, 0
1022722, 0
1022802, 0
1022848, 0
1023016, 0
1023131, 0
1023526, 0
1023624, 0
1023815, 0
1023865, 0
1024073, 0
1024111, 0
1024446, 0
1025585, 0
1025747, 0
1026895, 0
1026929, 0
1026945, 0
1027262, 0
1027268, 0
1027536, 0
1027539, 0
1027895, 0
1027933, 0
1027971, 0
1028020, 0
1028059, 0
1028275, 0
1028285, 0
1028307, 0
1028736, 0
1028778, 0
1029281, 0
1029377, 0
1029397, 0
1029944, 0
1030320, 0
1030489, 0
1030499, 0
1030524, 0
1030586, 0
1030587, 0
1030850, 0
1031134, 0
1031456, 0
1031894, 0
1032028, 0
1032040, 0
1032041, 0
1032173, 0
1032250, 0
1032509, 0
1032722, 0
1032928, 0
1032968, 0
1033094, 0
1033233, 0
1033645, 0
1033734, 0
1033808, 0
1033846, 0
1033912, 0
1034782, 0
1034842, 0
1034940, 0
1034993, 0
1035409, 0
1035511, 0
1035562, 0
1035590, 0
1035644, 0
1035910, 0
1035933, 0
1036101, 0
1036161, 0
1036237, 0
1036510, 0
1036560, 0
1036985, 0
1036997, 0
1037110, 0
1037269, 0
1037391, 0
1037724, 0
1037748, 0
1038402, 0
1038858, 0
1038960, 0
1038975, 0
1039052, 0
1039225, 0
1039230, 0
1039338, 0
1039394, 0
1039553, 0
1039860, 0
1039983, 0
1040063, 0
1040083, 0
1040742, 0
1040769, 0
1040821, 0
1041039, 0
1041053, 0
1041082, 0
1041178, 0
1041184, 0
1041273, 0
1041461, 0
1041482, 0
1041795, 0
1042446, 0
1042592, 0
1042969, 0
1042998, 0
1043072, 0
1043229, 0
1043482, 0
1043658, 0
1043859, 0
1043992, 0
1044853, 0
1045272, 0
1045332, 0
1045337, 0
1046018, 0
1046069, 0
1046649, 0
1046755, 0
1047107, 0
1047226, 0
1047413, 0
1047693, 0
1047980, 0
1048117, 0
1048381, 0
1048808, 0
1049093, 0
1049189, 0
1049359, 0
1049382, 0
1049392, 0
1049602, 0
1049734, 0
1050309, 0
1050395, 0
1050474, 0
1050577, 0
1050599, 0
1050652, 0
1050702, 0
1050990, 0
1051094, 0
1051650, 0
1051801, 0
1052186, 0
1052270, 0
1053135, 0
1053163, 0
1053671, 0
1054000, 0
1054093, 0
1054363, 0
1055360, 0
1056082, 0
1056124, 0
1056173, 0
1056281, 0
1056489, 0
1056503, 0
1056569, 0
1056604, 0
1056639, 0
1056912, 0
1056945, 0
1056947, 0
1057245, 0
1057247, 0
1057336, 0
1057442, 0
1057534, 0
1057548, 0
1057642, 0
1057687, 0
1057728, 0
1057802, 0
1057913, 0
1057991, 0
1058269, 0
1058435, 0
1058436, 0
1058582, 0
1058603, 0
1059136, 0
1059242, 0
1059287, 0
1059349, 0
1059756, 0
1060298, 0
1060573, 0
1061048, 0
1061257, 0
1061357, 0
1061388, 0
1061416, 0
1061427, 0
1061474, 0
1061624, 0
1062166, 0
1062191, 0
1062198, 0
1062407, 0
1062536, 0
1062539, 0
1062569, 0
1062702, 0
1062722, 0
1062992, 0
1063004, 0
1063186, 0
1063228, 0
1063267, 0
1063574, 0
1063705, 0
1063747, 0
1063897, 0
1064137, 0
1064186, 0
1064381, 0
1064393, 0
1064461, 0
1064466, 0
1064487, 0
1064505, 0
1064582, 0
1064637, 0
1064679, 0
1064840, 0
1064896, 0
1065046, 0
1065140, 0
1065148, 0
1065202, 0
1065270, 0
1065301, 0
1065369, 0
1065703, 0
1066513, 0
1066591, 0
1066771, 0
1067488, 0
1067585, 0
1067635, 0
1067963, 0
1068004, 0
1068112, 0
1068454, 0
1068587, 0
1069001, 0
1069044, 0
1069328, 0
1069389, 0
1069608, 0
1069824, 0
1069889, 0
1070020, 0
1070176, 0
1070473, 0
1070528, 0
1070556, 0
1070842, 0
1070871, 0
1071344, 0
1071691, 0
1071722, 0
1071785, 0
1072039, 0
1072109, 0
1072171, 0
1072527, 0
1072571, 0
1073073, 0
1073094, 0
1073168, 0
1073240, 0
1073720, 0
1073789, 0
1073793, 0
1073947, 0
1074233, 0
1074379, 0
1074572, 0
1074977, 0
1075016, 0
1075208, 0
1075315, 0
1075418, 0
1075435, 0
1075724, 0
1076043, 0
1076168, 0
1077097, 0
1077116, 0
1077127, 0
1077186, 0
1077207, 0
1077212, 0
1077349, 0
1077370, 0
1077416, 0
1077538, 0
1077766, 0
1078017, 0
1078083, 0
1078599, 0
1078623, 0
1078887, 0
1078973, 0
1079048, 0
1079069, 0
1079109, 0
1079419, 0
1079524, 0
1079931, 0
1080004, 0
1080064, 0
1080143, 0
1080304, 0
1080371, 0
1080637, 0
1080687, 0
1080870, 0
1080905, 0
1080990, 0
1081449, 0
1081735, 0
1081833, 0
1081991, 0
1082121, 0
1082241, 0
1082537, 0
1082716, 0
1082805, 0
1083042, 0
1083568, 0
1083570, 0
1083669, 0
1083715, 0
1083772, 0
1083871, 0
1084289, 0
1084511, 0
1084524, 0
1084571, 0
1084730, 0
1084833, 0
1084937, 0
1084942, 0
1085094, 0
1085362, 0
1085495, 0
1085574, 0
1085791, 0
1086740, 0
1086857, 0
1087243, 0
1087427, 0
1087523, 0
1088109, 0
1088251, 0
1088297, 0
1088325, 0
1088490, 0
1088562, 0
1088586, 0
1088633, 0
1088657, 0
1088781, 0
1089434, 0
1089775, 0
1089954, 0
1090514, 0
1090662, 0
1090737, 0
1090890, 0
1090918, 0
1090969, 0
1091350, 0
1091576, 0
1091706, 0
1091765, 0
1091842, 0
1091931, 0
1092348, 0
1092413, 0
1092453, 0
1092738, 0
1092806, 0
1093142, 0
1093267, 0
1093272, 0
1093364, 0
1093685, 0
1093855, 0
1093929, 0
1093990, 0
1094113, 0
1094248, 0
1094379, 0
1094743, 0
1094800, 0
1094816, 0
1094843, 0
1094886, 0
1095045, 0
1095048, 0
1095052, 0
1095266, 0
1095291, 0
1095403, 0
1095689, 0
1095810, 0
1096040, 0
1096523, 0
1096525, 0
1096645, 0
1096650, 0
1096836, 0
1096898, 0
1096985, 0
1097038, 0
1097077, 0
1097122, 0
1097196, 0
1097401, 0
1097682, 0
1097862, 0
1097920, 0
1098244, 0
1098269, 0
1098958, 0
1099312, 0
1099885, 0
1100110, 0
1100613, 0
1101010, 0
1101055, 0
1101456, 0
1101493, 0
1102619, 0
1102874, 0
1102982, 0
1103020, 0
1103594, 0
1103769, 0
1103809, 0
1103847, 0
1103897, 0
1104049, 0
1104059, 0
1104117, 0
1104219, 0
1104236, 0
1104373, 0
1104422, 0
1104786, 0
1104909, 0
1104920, 0
1105068, 0
1105081, 0
1105372, 0
1105586, 0
1105592, 0
1105926, 0
1105955, 0
1106618, 0
1106637, 0
1106642, 0
1106699, 0
1106723, 0
1106747, 0
1106878, 0
1106949, 0
1106996, 0
1107335, 0
1107369, 0
1107440, 0
1107530, 0
1107606, 0
1107688, 0
1107816, 0
1107948, 0
1107990, 0
1108259, 0
1108432, 0
1108487, 0
1108598, 0
1108646, 0
1108760, 0
1108915, 0
1109119, 0
1109329, 0
1109394, 0
1109894, 0
1110174, 0
1110561, 0
1110647, 0
1110783, 0
1110829, 0
1110865, 0
1110871, 0
1111122, 0
1111434, 0
1111523, 0
1111617, 0
1111689, 0
1111699, 0
1111809, 0
1111997, 0
1112607, 0
1112660, 0
1112805, 0
1112868, 0
1112955, 0
1113010, 0
1113056, 0
1113092, 0
1113153, 0
1113178, 0
1113277, 0
1113796, 0
1114632, 0
1114835, 0
1114943, 0
1115022, 0
1115114, 0
1115325, 0
1115980, 0
1116038, 0
1116049, 0
1116062, 0
1116392, 0
1116507, 0
1116602, 0
1116708, 0
1116709, 0
1116724, 0
1117819, 0
1117823, 0
1117926, 0
1117984, 0
1118140, 0
1118233, 0
1118301, 0
1118306, 0
1118617, 0
1118642, 0
1118790, 0
1118863, 0
1119205, 0
1119213, 0
1119344, 0
1119519, 0
1119585, 0
1119854, 0
1119945, 0
1120048, 0
1120055, 0
1120245, 0
1120494, 0
1120762, 0
1120777, 0
1120886, 0
1120930, 0
1121269, 0
1122713, 0
1122835, 0
1123016, 0
1123122, 0
1123161, 0
1123562, 0
1123563, 0
1123848, 0
1124253, 0
1124575, 0
1124948, 0
1125028, 0
1125227, 0
1125546, 0
1125614, 0
1125628, 0
1125796, 0
1125816, 0
1126088, 0
1126113, 0
1126115, 0
1126123, 0
1126148, 0
1126308, 0
1126914, 0
1126971, 0
1127007, 0
1127170, 0
1127384, 0
1127695, 0
1127916, 0
1128301, 0
1128513, 0
1128601, 0
1128815, 0
1129148, 0
1129236, 0
1129321, 0
1129621, 0
1129675, 0
1129785, 0
1129948, 0
1130496, 0
1130535, 0
1130601, 0
1131040, 0
1131088, 0
1131109, 0
1131823, 0
1131927, 0
1132158, 0
1132200, 0
1133169, 0
1133290, 0
1133294, 0
1133307, 0
1133664, 0
1133862, 0
1134042, 0
1134208, 0
1134399, 0
1134550, 0
1134669, 0
1134829, 0
1134985, 0
1135124, 0
1135652, 0
1135729, 0
1135773, 0
1135850, 0
1135873, 0
1135978, 0
1136353, 0
1136378, 0
1136421, 0
1136552, 0
1136905, 0
1136951, 0
1137089, 0
1137101, 0
1137302, 0
1137342, 0
1137559, 0
1137639, 0
1137701, 0
1137777, 0
1137809, 0
1137831, 0
1137856, 0
1137935, 0
1138038, 0
1138066, 0
1138414, 0
1138426, 0
1138475, 0
1138494, 0
1138601, 0
1138606, 0
1138609, 0
1138656, 0
1138659, 0
1138733, 0
1138735, 0
1138926, 0
1138952, 0
1138967, 0
1139054, 0
1139085, 0
1139176, 0
1139180, 0
1139194, 0
1139443, 0
1139460, 0
1139560, 0
1139684, 0
1139732, 0
1139738, 0
1139787, 0
1139841, 0
1140046, 0
1140088, 0
1140169, 0
1140181, 0
1140308, 0
1140410, 0
1140478, 0
1141121, 0
1141193, 0
1141226, 0
1141567, 0
1141649, 0
1141714, 0
1141961, 0
1142332, 0
1142409, 0
1142650, 0
1142818, 0
1142911, 0
1143000, 0
1143040, 0
1143063, 0
1143539, 0
1143659, 0
1143666, 0
1143700, 0
1143720, 0
1143734, 0
1143768, 0
1143771, 0
1143787, 0
1143992, 0
1144077, 0
1144078, 0
1144255, 0
1144355, 0
1144424, 0
1144686, 0
1144742, 0
1145252, 0
1145263, 0
1145285, 0
1145448, 0
1145839, 0
1145920, 0
1146232, 0
1146344, 0
1146595, 0
1146635, 0
1146707, 0
1146991, 0
1146993, 0
1147079, 0
1147440, 0
1147461, 0
1147933, 0
1147939, 0
1147948, 0
1148125, 0
1148479, 0
1148970, 0
1149582, 0
1149670, 0
1149772, 0
1150069, 0
1150400, 0
1150410, 0
1150505, 0
1150595, 0
1151090, 0
1151242, 0
1151388, 0
1151389, 0
1151473, 0
1151533, 0
1151606, 0
1151783, 0
1151846, 0
1152216, 0
1152393, 0
1152561, 0
1152626, 0
1152706, 0
1153139, 0
1153461, 0
1153799, 0
1153867, 0
1153931, 0
1153955, 0
1154020, 0
1154402, 0
1154431, 0
1154499, 0
1154554, 0
1155107, 0
1155188, 0
1155358, 0
1155568, 0
1155778, 0
1155837, 0
1155930, 0
1155955, 0
1156312, 0
1156315, 0
1156458, 0
1156554, 0
1156826, 0
1156846, 0
1157344, 0
1158478, 0
1159041, 0
1159117, 0
1159411, 0
1159417, 0
1159440, 0
1159538, 0
1159687, 0
1159882, 0
1159894, 0
1160240, 0
1160458, 0
1160885, 0
1161443, 0
1161576, 0
1161701, 0
1161785, 0
1161868, 0
1162172, 0
1162182, 0
1162280, 0
1162362, 0
1162779, 0
1162854, 0
1163142, 0
1163147, 0
1163201, 0
1163457, 0
1163648, 0
1164250, 0
1164435, 0
1164702, 0
1164727, 0
1164830, 0
1165256, 0
1165341, 0
1165577, 0
1166618, 0
1167203, 0
1167460, 0
1167601, 0
1167618, 0
1167723, 0
1167877, 0
1168177, 0
1168326, 0
1168344, 0
1168418, 0
1168619, 0
1168643, 0
1168788, 0
1168894, 0
1169133, 0
1169135, 0
1169191, 0
1169572, 0
1169597, 0
1169692, 0
1169876, 0
1170259, 0
1170392, 0
1170443, 0
1170894, 0
1170898, 0
1170941, 0
1171150, 0
1171176, 0
1171227, 0
1171240, 0
1171461, 0
1171908, 0
1172278, 0
1172439, 0
1172479, 0
1172627, 0
1173148, 0
1173288, 0
1173800, 0
1174220, 0
1174267, 0
1174325, 0
1174417, 0
1174492, 0
1174499, 0
1174583, 0
1174708, 0
1174973, 0
1174979, 0
1174994, 0
1175223, 0
1175268, 0
1175272, 0
1175388, 0
1175495, 0
1175653, 0
1175662, 0
1175737, 0
1175961, 0
1175992, 0
1176027, 0
1176187, 0
1176243, 0
1176398, 0
1176927, 0
1177098, 0
1177117, 0
1177191, 0
1177532, 0
1177561, 0
1177746, 0
1178054, 0
1178265, 0
1178277, 0
1178318, 0
1178361, 0
1178395, 0
1178486, 0
1178503, 0
1178508, 0
1178993, 0
1179151, 0
1179290, 0
1179344, 0
1179369, 0
1179450, 0
1179465, 0
1179616, 0
1179626, 0
1179644, 0
1179669, 0
1179892, 0
1179922, 0
1179992, 0
1180093, 0
1180137, 0
1180188, 0
1180410, 0
1180656, 0
1180755, 0
1181126, 0
1181157, 0
1181188, 0
1181213, 0
1181302, 0
1181365, 0
1181403, 0
1181623, 0
1181668, 0
1182122, 0
1182126, 0
1182134, 0
1182577, 0
1182579, 0
1182640, 0
1182706, 0
1182850, 0
1182875, 0
1182880, 0
1182917, 0
1182933, 0
1183184, 0
1183200, 0
1183285, 0
1183619, 0
1183988, 0
1184046, 0
1184084, 0
1184088, 0
1184090, 0
1184094, 0
1184123, 0
1184261, 0
1184287, 0
1184364, 0
1184516, 0
1184938, 0
1185299, 0
1185577, 0
1185766, 0
1185775, 0
1185917, 0
1186154, 0
1186218, 0
1186228, 0
1186457, 0
1186555, 0
1186651, 0
1186861, 0
1187096, 0
1187232, 0
1187482, 0
1187563, 0
1187789, 0
1187976, 0
1187982, 0
1188097, 0
1188370, 0
1188386, 0
1188478, 0
1188624, 0
1188845, 0
1189015, 0
1189213, 0
1189365, 0
1189550, 0
1189580, 0
1189648, 0
1189788, 0
1189822, 0
1190085, 0
1190149, 0
1190257, 0
1190400, 0
1190500, 0
1190629, 0
1190797, 0
1190884, 0
1190900, 0
1191081, 0
1191151, 0
1191187, 0
1191253, 0
1191288, 0
1191356, 0
1191582, 0
1191741, 0
1192049, 0
1192312, 0
1192338, 0
1192594, 0
1192685, 0
1193088, 0
1193264, 0
1193504, 0
1194226, 0
1194320, 0
1194493, 0
1194658, 0
1195906, 0
1196141, 0
1196194, 0
1196216, 0
1196301, 0
1196676, 0
1196699, 0
1197219, 0
1197276, 0
1197624, 0
1197653, 0
1197796, 0
1197839, 0
1198148, 0
1198520, 0
1198527, 0
1198540, 0
1198657, 0
1199116, 0
1199166, 0
1199368, 0
1199480, 0
1200224, 0
1201056, 0
1201505, 0
1201724, 0
1201807, 0
1201896, 0
1202440, 0
1202738, 0
1203316, 0
1203476, 0
1203543, 0
1203660, 0
1203748, 0
1203772, 0
1203943, 0
1203944, 0
1203980, 0
1204158, 0
1204568, 0
1204881, 0
1204978, 0
1205093, 0
1205149, 0
1205162, 0
1205247, 0
1205701, 0
1205779, 0
1205980, 0
1206138, 0
1206154, 0
1206969, 0
1207345, 0
1207353, 0
1207372, 0
1207399, 0
1207429, 0
1207501, 0
1207551, 0
1207555, 0
1207559, 0
1207588, 0
1207965, 0
1208144, 0
1208405, 0
1208742, 0
1208766, 0
1208862, 0
1208863, 0
1208943, 0
1208991, 0
1209135, 0
1209709, 0
1209800, 0
1210628, 0
1210778, 0
1211002, 0
1211036, 0
1211432, 0
1211839, 0
1211846, 0
1212362, 0
1212512, 0
1212520, 0
1212527, 0
1212571, 0
1212683, 0
1212973, 0
1213159, 0
1213550, 0
1213583, 0
1213624, 0
1213721, 0
1214046, 0
1214117, 0
1214130, 0
1214139, 0
1214386, 0
1214571, 0
1214901, 0
1214984, 0
1215303, 0
1215638, 0
1215738, 0
1215754, 0
1215858, 0
1215879, 0
1215903, 0
1216338, 0
1216435, 0
1216462, 0
1216524, 0
1216543, 0
1216573, 0
1216610, 0
1216990, 0
1217099, 0
1217292, 0
1217339, 0
1217451, 0
1217477, 0
1217921, 0
1217957, 0
1217986, 0
1217989, 0
1218189, 0
1218198, 0
1218273, 0
1218289, 0
1218482, 0
1218699, 0
1218715, 0
1218717, 0
1219117, 0
1219143, 0
1219184, 0
1219217, 0
1219312, 0
1219369, 0
1219634, 0
1219732, 0
1219816, 0
1219939, 0
1220219, 0
1220220, 0
1220228, 0
1220304, 0
1220535, 0
1220637, 0
1221103, 0
1221120, 0
1221160, 0
1221175, 0
1221339, 0
1221955, 0
1221995, 0
1222012, 0
1222031, 0
1222060, 0
1222124, 0
1222195, 0
1222418, 0
1222426, 0
1222688, 0
1222979, 0
1223194, 0
1223236, 0
1223470, 0
1223540, 0
1223652, 0
1223707, 0
1223783, 0
1223840, 0
1223962, 0
1223995, 0
1224193, 0
1224204, 0
1224269, 0
1224565, 0
1224666, 0
1224667, 0
1224845, 0
1224880, 0
1225161, 0
1225225, 0
1225259, 0
1225274, 0
1225518, 0
1225560, 0
1225714, 0
1225752, 0
1225932, 0
1226170, 0
1226290, 0
1226302, 0
1226591, 0
1226813, 0
1227873, 0
1227934, 0
1227960, 0
1228844, 0
1229087, 0
1229239, 0
1229304, 0
1229425, 0
1229467, 0
1229639, 0
1229750, 0
1229868, 0
1229938, 0
1230463, 0
1230535, 0
1230720, 0
1230886, 0
1230902, 0
1230995, 0
1231033, 0
1231549, 0
1231558, 0
1231616, 0
1231623, 0
1231825, 0
1231857, 0
1231966, 0
1232123, 0
1232154, 0
1232298, 0
1232377, 0
1232571, 0
1232698, 0
1233128, 0
1233139, 0
1233200, 0
1233486, 0
1233518, 0
1233558, 0
1233691, 0
1233708, 0
1233853, 0
1234162, 0
1234428, 0
1234749, 0
1234921, 0
1234974, 0
1234979, 0
1235181, 0
1235332, 0
1235488, 0
1235876, 0
1236051, 0
1236075, 0
1236135, 0
1236139, 0
1236168, 0
1236172, 0
1236338, 0
1236530, 0
1236550, 0
1236769, 0
1236809, 0
1236913, 0
1236920, 0
1236946, 0
1237231, 0
1237453, 0
1237584, 0
1237619, 0
1237684, 0
1237729, 0
1237818, 0
1238115, 0
1238130, 0
1238170, 0
1238187, 0
1238194, 0
1238419, 0
1238504, 0
1238625, 0
1238632, 0
1238662, 0
1238738, 0
1238788, 0
1238977, 0
1239012, 0
1239044, 0
1239193, 0
1239211, 0
1239214, 0
1239242, 0
1239307, 0
1239505, 0
1239509, 0
1239540, 0
1239551, 0
1239586, 0
1239598, 0
1239627, 0
1239771, 0
1240559, 0
1240598, 0
1240726, 0
1240921, 0
1241190, 0
1241619, 0
1241656, 0
1241695, 0
1241865, 0
1241932, 0
1241953, 0
1241987, 0
1242042, 0
1242053, 0
1242133, 0
1242174, 0
1242217, 0
1242224, 0
1242227, 0
1242388, 0
1242503, 0
1242593, 0
1243055, 0
1243276, 0
1243282, 0
1243534, 0
1243800, 0
1243832, 0
1243992, 0
1243993, 0
1244136, 0
1244302, 0
1244796, 0
1244887, 0
1244892, 0
1244904, 0
1245075, 0
1245182, 0
1245199, 0
1245429, 0
1245648, 0
1245821, 0
1245891, 0
1246114, 0
1246245, 0
1246363, 0
1246513, 0
1246699, 0
1246903, 0
1247222, 0
1247354, 0
1247526, 0
1247737, 0
1247800, 0
1247841, 0
1247872, 0
1249138, 0
1249202, 0
1249275, 0
1249306, 0
1249433, 0
1249436, 0
1249973, 0
1250030, 0
1250712, 0
1250803, 0
1251348, 0
1251508, 0
1251735, 0
1251957, 0
1252022, 0
1252111, 0
1252172, 0
1252236, 0
1252277, 0
1252579, 0
1252688, 0
1253005, 0
1253290, 0
1253312, 0
1253774, 0
1254036, 0
1254272, 0
1254288, 0
1254376, 0
1254796, 0
1254820, 0
1255643, 0
1255644, 0
1255753, 0
1256419, 0
1256443, 0
1256564, 0
1256586, 0
1256618, 0
1256871, 0
1257098, 0
1257334, 0
1257381, 0
1258000, 0
1258377, 0
1258452, 0
1258489, 0
1258560, 0
1258806, 0
1258925, 0
1259384, 0
1259497, 0
1259679, 0
1259728, 0
1259875, 0
1259943, 0
1259966, 0
1260136, 0
1260441, 0
1260484, 0
1260641, 0
1260751, 0
1261049, 0
1261150, 0
1261320, 0
1261384, 0
1261439, 0
1261732, 0
1261746, 0
1262247, 0
1262300, 0
1262555, 0
1262721, 0
1262798, 0
1263087, 0
1263124, 0
1263262, 0
1263285, 0
1263509, 0
1263887, 0
1264316, 0
1264706, 0
1264771, 0
1265204, 0
1265211, 0
1265559, 0
1265649, 0
1265726, 0
1265866, 0
1265875, 0
1266161, 0
1266584, 0
1266634, 0
1266667, 0
1266749, 0
1266898, 0
1266928, 0
1266934, 0
1266973, 0
1266981, 0
1267289, 0
1267327, 0
1267376, 0
1267587, 0
1267640, 0
1267790, 0
1267829, 0
1268116, 0
1268187, 0
1268299, 0
1268435, 0
1268475, 0
1268504, 0
1268570, 0
1268603, 0
1269036, 0
1269146, 0
1269255, 0
1270192, 0
1270432, 0
1270488, 0
1270600, 0
1270666, 0
1270833, 0
1271101, 0
1271159, 0
1271294, 0
1271307, 0
1271415, 0
1271453, 0
1271665, 0
1271689, 0
1271877, 0
1272150, 0
1272389, 0
1272745, 0
1272758, 0
1272890, 0
1273210, 0
1273468, 0
1273689, 0
1273757, 0
1273828, 0
1273950, 0
1274003, 0
1274101, 0
1274160, 0
1274175, 0
1274289, 0
1274353, 0
1274705, 0
1274766, 0
1274823, 0
1275125, 0
1275206, 0
1275400, 0
1275634, 0
1275745, 0
1275992, 0
1276071, 0
1276224, 0
1276396, 0
1277001, 0
1277006, 0
1277025, 0
1277107, 0
1277261, 0
1277273, 0
1277640, 0
1277758, 0
1277808, 0
1277909, 0
1277972, 0
1277994, 0
1278155, 0
1278490, 0
1278788, 0
1278893, 0
1279575, 0
1279716, 0
1279837, 0
1280069, 0
1280804, 0
1281984, 0
1282337, 0
1282429, 0
1282600, 0
1282626, 0
1282761, 0
1282795, 0
1282882, 0
1282894, 0
1282944, 0
1283300, 0
1283319, 0
1283429, 0
1283450, 0
1283488, 0
1283825, 0
1284760, 0
1285290, 0
1285478, 0
1285654, 0
1286023, 0
1286100, 0
1286443, 0
1286491, 0
1286538, 0
1286874, 0
1287506, 0
1287697, 0
1287731, 0
1287985, 0
1288044, 0
1288125, 0
1288544, 0
1288746, 0
1288911, 0
1288984, 0
1289018, 0
1289054, 0
1289468, 0
1289500, 0
1289720, 0
1290158, 0
1290195, 0
1290761, 0
1290886, 0
1290920, 0
1291087, 0
1291201, 0
1291310, 0
1291549, 0
1291637, 0
1291874, 0
1291886, 0
1292084, 0
1292086, 0
1292223, 0
1292233, 0
1292272, 0
1292507, 0
1292513, 0
1292758, 0
1293686, 0
1293870, 0
1293895, 0
1293992, 0
1294041, 0
1294217, 0
1294373, 0
1294738, 0
1294761, 0
1294922, 0
1295282, 0
1295361, 0
1295487, 0
1295553, 0
1295562, 0
1295573, 0
1295783, 0
1295805, 0
1295889, 0
1296341, 0
1296345, 0
1296357, 0
1296511, 0
1296555, 0
1296606, 0
1296963, 0
1297082, 0
1297281, 0
1297678, 0
1297704, 0
1297709, 0
1297746, 0
1297790, 0
1297813, 0
1297956, 0
1298058, 0
1298171, 0
1298346, 0
1298399, 0
1298539, 0
1298782, 0
1298898, 0
1299083, 0
1299107, 0
1299351, 0
1299375, 0
1299390, 0
1299506, 0
1299771, 0
1300111, 0
1300351, 0
1300415, 0
1300434, 0
1300461, 0
1300573, 0
1300778, 0
1301060, 0
1301082, 0
1301139, 0
1301227, 0
1301272, 0
1301353, 0
1301615, 0
1301779, 0
1301946, 0
1302140, 0
1302307, 0
1302330, 0
1302387, 0
1302419, 0
1302520, 0
1302567, 0
1302660, 0
1302681, 0
1302731, 0
1302963, 0
1303045, 0
1303133, 0
1303338, 0
1303396, 0
1303496, 0
1303677, 0
1303690, 0
1303871, 0
1303872, 0
1303907, 0
1303938, 0
1304098, 0
1304220, 0
1304334, 0
1304549, 0
1304586, 0
1304587, 0
1304713, 0
1304793, 0
1304848, 0
1304944, 0
1305006, 0
1305161, 0
1305237, 0
1305299, 0
1305916, 0
1305942, 0
1305987, 0
1306028, 0
1306038, 0
1306768, 0
1306845, 0
1307042, 0
1307292, 0
1307647, 0
1307746, 0
1307800, 0
1307914, 0
1308008, 0
1308176, 0
1308249, 0
1308497, 0
1308522, 0
1308615, 0
1308825, 0
1308830, 0
1308953, 0
1309496, 0
1310669, 0
1311172, 0
1311429, 0
1311552, 0
1311598, 0
1311636, 0
1311804, 0
1311891, 0
1312543, 0
1313386, 0
1313758, 0
1313971, 0
1314324, 0
1314858, 0
1315307, 0
1315324, 0
1315343, 0
1316086, 0
1316228, 0
1316359, 0
1316506, 0
1316950, 0
1317013, 0
1317574, 0
1317754, 0
1318287, 0
1318289, 0
1318387, 0
1318506, 0
1318910, 0
1319003, 0
1319263, 0
1319486, 0
1320062, 0
1320099, 0
1320978, 0
1321089, 0
1321362, 0
1321454, 0
1321813, 0
1321840, 0
1321958, 0
27252, 0
298641, 0
526906, 0
642285, 0
751651, 0
957176, 0
1295753, 0
49259, 0
335486, 0
547215, 0
989000, 0
1189187, 0
133631, 0
169091, 0
186231, 0
187998, 0
275029, 0
334082, 0
405418, 0
430623, 0
432177, 0
438220, 0
448066, 0
579938, 0
633965, 0
647052, 0
701793, 0
775123, 0
777049, 0
778143, 0
795474, 0
962362, 0
995263, 0
1046889, 0
1131199, 0
1132144, 0
1144590, 0
1175073, 0
1185787, 0
1246549, 0
1305312, 0
768812, 0
6057, 0
65087, 0
142521, 0
253674, 0
307723, 0
309974, 0
349977, 0
446420, 0
575466, 0
894236, 0
933426, 0
973435, 0
980781, 0
1090410, 0
1111575, 0
9247, 0
10230, 0
179417, 0
416181, 0
435399, 0
461397, 0
552309, 0
613171, 0
621277, 0
640446, 0
649558, 0
704529, 0
837678, 0
924928, 0
1109192, 0
1265099, 0
996171, 0
1057219, 0
181529, 0
5940, 0
9711, 0
23588, 0
38234, 0
39031, 0
39268, 0
45507, 0
45733, 0
46472, 0
47170, 0
53355, 0
66447, 0
69028, 0
83411, 0
92227, 0
106361, 0
107858, 0
122892, 0
128300, 0
129642, 0
133659, 0
139585, 0
150151, 0
153697, 0
154192, 0
160229, 0
160685, 0
164724, 0
167889, 0
168144, 0
172201, 0
190955, 0
192545, 0
224994, 0
225611, 0
231089, 0
235226, 0
238912, 0
255733, 0
256925, 0
291905, 0
295228, 0
305380, 0
305607, 0
310622, 0
311124, 0
312990, 0
314772, 0
327841, 0
372569, 0
379749, 0
396363, 0
405335, 0
424501, 0
429834, 0
430471, 0
434841, 0
449057, 0
459717, 0
465818, 0
469542, 0
477656, 0
484059, 0
488381, 0
489262, 0
502107, 0
508639, 0
508939, 0
509163, 0
518551, 0
524917, 0
525852, 0
542003, 0
551846, 0
561223, 0
564993, 0
565030, 0
576335, 0
585250, 0
587738, 0
601683, 0
602593, 0
605201, 0
614000, 0
617458, 0
618825, 0
624448, 0
626952, 0
642983, 0
645837, 0
648485, 0
672773, 0
687131, 0
693933, 0
702137, 0
710187, 0
728770, 0
729026, 0
730579, 0
734583, 0
735144, 0
738582, 0
744807, 0
746428, 0
749092, 0
752219, 0
758448, 0
774764, 0
815162, 0
818764, 0
842907, 0
872340, 0
878411, 0
893832, 0
900441, 0
944787, 0
951697, 0
952992, 0
955161, 0
961550, 0
962790, 0
972096, 0
972938, 0
975416, 0
997193, 0
999804, 0
1016417, 0
1018534, 0
1043394, 0
1043554, 0
1050787, 0
1067828, 0
1077617, 0
1078252, 0
1089687, 0
1096553, 0
1125392, 0
1126117, 0
1136517, 0
1142186, 0
1144134, 0
1146797, 0
1148237, 0
1175458, 0
1179426, 0
1185281, 0
1195550, 0
1205443, 0
1205913, 0
1237478, 0
1237690, 0
1240320, 0
1261253, 0
1263136, 0
1267468, 0
1268433, 0
1272746, 0
1301649, 0
1302783, 0
1306525, 0
629590, 0
409478, 0
409986, 0
563177, 0
806006, 0
1196576, 0
1275762, 0
614083, 0
731644, 0
1066739, 0
1239428, 0
610664, 0
770402, 0
891903, 0
90413, 0
1642, 0
52472, 0
136578, 0
197846, 0
230980, 0
260360, 0
277318, 0
286212, 0
299997, 0
304842, 0
306700, 0
334322, 0
345310, 0
346809, 0
363202, 0
397738, 0
419750, 0
432975, 0
498606, 0
561559, 0
579016, 0
601454, 0
714664, 0
748191, 0
752052, 0
973059, 0
1052426, 0
1094866, 0
1125357, 0
1157796, 0
1197130, 0
1239820, 0
1242234, 0
1269155, 0
484527, 0
651627, 0
825380, 0
928703, 0
964173, 0
975196, 0
313571, 0
891753, 0
1182837, 0
716228, 0
944924, 0
1008009, 0
1134108, 0
196348, 0
285824, 0
332090, 0
893907, 0
226418, 0
1156780, 0
517638, 0
1243016, 0
1009413, 0
818749, 0
1031439, 0
1138121, 0
1138489, 0
1148129, 0
