563594, 0.00946826
294460, 3.75601e-06
66029, 1.50531e-06
357371, 8.53568e-07
179704, 7.71995e-07
800145, 7.59369e-07
433788, 7.57715e-07
635349, 7.55393e-07
545665, 7.25034e-07
856669, 7.2386e-07
664482, 6.9795e-07
275169, 6.81419e-07
793795, 6.67359e-07
386999, 6.51741e-07
275517, 6.5167e-07
186236, 6.37777e-07
685242, 6.31311e-07
697714, 6.26581e-07
913024, 6.25185e-07
681139, 6.1954e-07
338014, 4.69659e-07
401938, 4.51433e-07
357322, 3.56003e-07
92480, 3.49278e-07
703119, 3.30471e-07
364941, 3.23792e-07
1106707, 3.23002e-07
190610, 3.18374e-07
1103157, 2.41533e-07
107771, 2.21816e-07
574233, 2.08362e-07
257084, 1.67467e-07
283790, 1.31873e-07
337019, 1.00895e-07
862285, 9.28282e-08
704182, 6.85465e-08
1003702, 5.35887e-08
1062491, 5.25712e-08
987398, 4.66078e-08
455919, 3.72502e-08
1257054, 3.65619e-08
1164382, 3.65331e-08
1172286, 3.56842e-08
1175721, 2.45619e-08
517932, 1.5273e-08
398190, 1.07914e-08
1115799, 1.03453e-08
418734, 9.90767e-09
603332, 9.35081e-09
1175465, 8.0297e-09
1024493, 5.48813e-09
688269, 5.35119e-09
1293184, 5.07212e-09
960239, 4.46898e-09
488750, 3.63364e-09
693793, 3.60762e-09
179945, 3.29478e-09
1268486, 2.68532e-09
1042155, 2.43564e-09
538191, 2.35198e-09
832535, 2.33925e-09
549087, 2.32517e-09
1108609, 2.21208e-09
450463, 1.6539e-09
1052285, 1.5887e-09
146846, 1.56978e-09
55936, 1.51541e-09
744871, 1.36498e-09
264308, 1.29586e-09
63822, 1.84031e-10
109, 0
1825, 0
1830, 0
2236, 0
2411, 0
2629, 0
3149, 0
3249, 0
3277, 0
3422, 0
3461, 0
3463, 0
3464, 0
3685, 0
3716, 0
3876, 0
3877, 0
4010, 0
4027, 0
4666, 0
4719, 0
5870, 0
5980, 0
6060, 0
6085, 0
6222, 0
7340, 0
8070, 0
8544, 0
8619, 0
9801, 0
9996, 0
10156, 0
10372, 0
10682, 0
10834, 0
10864, 0
10870, 0
10945, 0
11410, 0
11560, 0
11845, 0
12103, 0
12478, 0
12531, 0
13257, 0
13352, 0
14493, 0
14698, 0
14710, 0
14892, 0
16102, 0
16195, 0
16347, 0
17669, 0
18124, 0
18158, 0
18498, 0
18958, 0
19746, 0
20887, 0
20923, 0
21103, 0
21115, 0
21544, 0
21568, 0
21764, 0
22410, 0
22831, 0
22991, 0
23354, 0
23595, 0
23613, 0
23672, 0
23685, 0
24371, 0
24682, 0
24750, 0
24908, 0
24952, 0
25091, 0
25170, 0
25749, 0
25873, 0
25919, 0
26977, 0
27554, 0
27614, 0
27681, 0
27832, 0
28244, 0
29239, 0
29406, 0
29721, 0
29820, 0
29917, 0
30045, 0
30178, 0
30362, 0
30426, 0
30768, 0
31738, 0
32242, 0
32370, 0
32688, 0
33043, 0
33261, 0
34404, 0
35618, 0
35630, 0
35793, 0
35849, 0
36102, 0
36599, 0
37177, 0
38026, 0
38027, 0
38447, 0
38506, 0
39864, 0
40494, 0
40501, 0
40708, 0
40745, 0
41076, 0
41228, 0
41314, 0
41432, 0
41874, 0
42155, 0
42930, 0
43771, 0
44886, 0
45969, 0
46038, 0
46143, 0
46709, 0
46733, 0
47389, 0
47926, 0
48441, 0
48723, 0
48974, 0
49406, 0
50903, 0
50976, 0
51670, 0
51881, 0
52146, 0
52504, 0
52579, 0
52969, 0
54328, 0
54332, 0
54333, 0
54337, 0
54781, 0
54849, 0
55756, 0
55932, 0
56659, 0
56695, 0
56802, 0
57200, 0
57335, 0
57345, 0
57431, 0
58116, 0
58191, 0
58499, 0
59121, 0
59154, 0
59671, 0
60402, 0
60746, 0
60817, 0
60885, 0
62095, 0
62128, 0
63657, 0
64851, 0
65202, 0
65754, 0
65843, 0
66031, 0
66193, 0
66222, 0
66526, 0
67242, 0
67370, 0
68096, 0
68289, 0
68996, 0
69031, 0
69062, 0
69128, 0
69203, 0
69366, 0
70056, 0
70233, 0
70674, 0
71155, 0
71872, 0
71998, 0
72167, 0
72252, 0
72275, 0
72277, 0
72324, 0
72547, 0
73192, 0
73278, 0
73368, 0
73439, 0
73495, 0
74153, 0
74413, 0
74449, 0
74453, 0
74867, 0
74881, 0
75230, 0
75465, 0
75492, 0
76056, 0
76118, 0
76232, 0
76360, 0
76372, 0
76506, 0
76690, 0
76762, 0
77147, 0
77687, 0
78504, 0
78711, 0
79367, 0
79555, 0
80621, 0
80827, 0
81280, 0
81343, 0
81887, 0
82410, 0
82431, 0
82738, 0
84669, 0
85110, 0
86205, 0
86768, 0
87365, 0
87814, 0
89323, 0
89769, 0
89805, 0
89862, 0
90134, 0
90196, 0
91292, 0
91502, 0
91585, 0
91977, 0
92092, 0
92157, 0
92812, 0
92915, 0
94031, 0
94562, 0
94755, 0
94773, 0
94793, 0
95060, 0
96174, 0
96728, 0
98462, 0
99210, 0
99401, 0
100659, 0
101815, 0
102174, 0
102329, 0
102425, 0
102831, 0
103720, 0
103920, 0
104427, 0
104458, 0
104667, 0
104871, 0
104991, 0
105588, 0
105832, 0
106235, 0
106577, 0
107033, 0
107257, 0
107631, 0
108005, 0
108007, 0
108122, 0
108436, 0
108463, 0
109311, 0
110600, 0
110918, 0
111129, 0
111881, 0
112104, 0
112192, 0
113270, 0
113922, 0
114505, 0
114594, 0
114858, 0
116085, 0
116213, 0
116435, 0
116833, 0
118013, 0
118289, 0
118443, 0
118769, 0
118784, 0
119015, 0
119313, 0
119516, 0
119584, 0
119780, 0
120013, 0
120220, 0
120369, 0
120549, 0
120661, 0
120740, 0
121134, 0
121300, 0
121660, 0
122261, 0
122336, 0
122338, 0
122526, 0
123419, 0
123425, 0
124094, 0
124830, 0
125150, 0
125284, 0
125802, 0
126407, 0
126855, 0
127058, 0
127096, 0
127705, 0
128025, 0
128095, 0
128170, 0
128247, 0
128606, 0
128613, 0
128831, 0
129897, 0
130111, 0
130283, 0
130299, 0
130669, 0
131579, 0
131976, 0
132602, 0
133180, 0
133533, 0
133873, 0
134546, 0
134623, 0
134796, 0
134920, 0
134988, 0
135255, 0
135700, 0
136025, 0
136312, 0
136821, 0
136908, 0
136921, 0
137726, 0
138214, 0
138430, 0
139600, 0
140010, 0
140338, 0
141310, 0
141323, 0
141626, 0
142046, 0
142361, 0
143193, 0
143297, 0
143446, 0
143557, 0
143689, 0
143738, 0
143832, 0
143893, 0
144045, 0
144199, 0
144228, 0
144520, 0
144554, 0
144815, 0
145046, 0
145186, 0
145233, 0
145283, 0
145447, 0
145774, 0
145957, 0
146238, 0
146753, 0
147056, 0
147145, 0
147284, 0
148422, 0
148526, 0
148593, 0
148653, 0
148785, 0
149133, 0
149305, 0
149664, 0
149706, 0
149713, 0
150114, 0
150146, 0
150565, 0
150933, 0
151141, 0
151391, 0
151503, 0
151693, 0
151717, 0
151921, 0
152220, 0
153330, 0
153363, 0
154129, 0
154141, 0
154728, 0
154989, 0
155709, 0
155823, 0
155908, 0
156609, 0
156715, 0
156972, 0
157114, 0
157568, 0
158655, 0
159006, 0
159196, 0
159557, 0
159568, 0
160627, 0
160741, 0
161277, 0
161286, 0
161472, 0
161546, 0
162666, 0
162959, 0
162979, 0
163139, 0
163513, 0
164175, 0
164292, 0
164646, 0
165878, 0
166039, 0
166171, 0
166739, 0
166866, 0
167720, 0
168232, 0
168481, 0
168546, 0
168927, 0
168967, 0
169271, 0
169277, 0
169824, 0
170439, 0
170658, 0
171553, 0
171790, 0
171936, 0
171987, 0
172597, 0
172681, 0
173705, 0
174379, 0
174410, 0
174497, 0
174612, 0
175069, 0
175507, 0
175831, 0
175874, 0
176072, 0
176297, 0
176522, 0
176651, 0
177440, 0
178037, 0
178076, 0
179859, 0
179991, 0
180504, 0
181978, 0
182091, 0
182307, 0
183226, 0
185670, 0
185980, 0
188136, 0
189127, 0
190579, 0
190833, 0
190851, 0
191879, 0
192179, 0
192306, 0
192568, 0
192845, 0
192964, 0
193445, 0
193617, 0
193668, 0
197905, 0
198513, 0
198885, 0
199184, 0
200302, 0
200980, 0
201212, 0
201267, 0
201917, 0
202017, 0
202506, 0
202876, 0
202926, 0
203354, 0
203380, 0
203718, 0
204608, 0
204658, 0
204928, 0
204931, 0
205252, 0
205404, 0
206236, 0
206574, 0
206913, 0
207522, 0
207535, 0
207620, 0
208617, 0
210367, 0
210589, 0
211036, 0
211870, 0
212284, 0
212317, 0
212754, 0
212893, 0
212961, 0
213211, 0
213295, 0
213705, 0
213859, 0
213989, 0
214077, 0
214258, 0
215222, 0
216075, 0
216418, 0
216582, 0
216866, 0
217381, 0
217544, 0
217566, 0
217662, 0
218261, 0
218281, 0
218347, 0
218513, 0
218671, 0
218821, 0
219467, 0
219518, 0
219909, 0
220428, 0
220516, 0
221081, 0
221122, 0
221500, 0
221545, 0
222503, 0
222653, 0
223665, 0
224366, 0
224740, 0
224891, 0
224912, 0
225113, 0
225167, 0
225372, 0
225630, 0
225981, 0
226104, 0
226589, 0
227479, 0
228346, 0
228532, 0
228730, 0
229432, 0
229539, 0
229604, 0
229874, 0
230206, 0
230289, 0
230563, 0
231460, 0
232910, 0
234082, 0
234161, 0
234915, 0
235219, 0
235607, 0
235812, 0
236369, 0
236583, 0
237155, 0
237609, 0
237623, 0
237731, 0
239032, 0
239265, 0
240039, 0
240117, 0
240645, 0
240883, 0
241704, 0
241747, 0
242029, 0
242236, 0
242801, 0
243613, 0
243926, 0
243967, 0
244486, 0
244576, 0
244760, 0
244983, 0
245016, 0
245024, 0
245493, 0
245694, 0
246183, 0
246208, 0
246667, 0
247384, 0
248222, 0
248310, 0
248431, 0
248484, 0
248630, 0
249235, 0
249481, 0
249780, 0
251366, 0
251826, 0
252270, 0
252329, 0
252339, 0
252663, 0
253847, 0
254178, 0
254308, 0
254680, 0
254804, 0
254824, 0
255138, 0
255284, 0
255605, 0
256296, 0
256371, 0
257077, 0
257233, 0
257265, 0
257655, 0
257679, 0
258029, 0
258141, 0
258442, 0
258463, 0
258833, 0
259421, 0
260207, 0
260295, 0
260687, 0
260734, 0
260797, 0
260810, 0
261125, 0
261492, 0
261624, 0
261967, 0
262062, 0
262105, 0
262499, 0
262840, 0
263452, 0
263749, 0
264280, 0
264414, 0
265264, 0
265635, 0
265669, 0
266105, 0
266282, 0
266497, 0
266693, 0
267031, 0
267103, 0
267116, 0
267174, 0
267404, 0
268115, 0
268190, 0
268210, 0
268475, 0
268705, 0
268810, 0
268937, 0
268988, 0
269206, 0
269699, 0
269952, 0
269969, 0
270783, 0
271890, 0
272362, 0
272463, 0
272782, 0
273452, 0
273854, 0
274059, 0
274086, 0
274397, 0
274501, 0
275269, 0
275780, 0
275973, 0
276113, 0
276811, 0
277121, 0
277162, 0
277168, 0
277371, 0
277467, 0
277668, 0
277681, 0
278431, 0
279148, 0
279224, 0
279952, 0
279960, 0
280165, 0
280648, 0
280856, 0
281367, 0
281403, 0
281776, 0
282037, 0
282073, 0
282223, 0
282273, 0
282783, 0
282941, 0
282984, 0
283453, 0
284343, 0
284425, 0
284732, 0
285169, 0
285371, 0
285671, 0
286142, 0
286827, 0
286940, 0
286943, 0
287122, 0
287202, 0
287398, 0
287717, 0
287974, 0
288169, 0
288409, 0
288562, 0
288824, 0
288857, 0
288934, 0
289348, 0
289548, 0
289972, 0
289975, 0
290159, 0
290399, 0
290401, 0
291077, 0
291653, 0
291681, 0
291779, 0
291783, 0
291796, 0
292254, 0
292278, 0
292410, 0
292475, 0
293064, 0
293253, 0
293504, 0
293512, 0
293527, 0
293607, 0
293999, 0
294045, 0
294287, 0
294550, 0
294715, 0
295544, 0
295735, 0
296267, 0
296408, 0
296926, 0
298087, 0
299077, 0
299395, 0
300481, 0
300944, 0
301149, 0
301610, 0
302309, 0
303298, 0
303387, 0
303941, 0
305446, 0
305567, 0
305822, 0
307223, 0
308122, 0
308509, 0
308637, 0
308866, 0
309232, 0
309904, 0
310052, 0
310166, 0
310359, 0
310390, 0
310901, 0
311207, 0
311217, 0
311538, 0
311863, 0
311954, 0
312330, 0
312615, 0
313321, 0
313443, 0
313578, 0
313743, 0
314559, 0
314749, 0
314809, 0
315025, 0
315050, 0
315191, 0
315651, 0
315890, 0
316126, 0
316144, 0
316157, 0
316165, 0
318495, 0
318528, 0
318565, 0
319825, 0
319890, 0
319896, 0
320679, 0
322458, 0
322699, 0
322830, 0
323146, 0
323670, 0
324032, 0
324556, 0
324951, 0
325057, 0
325176, 0
325189, 0
325583, 0
325916, 0
325924, 0
325965, 0
326311, 0
326558, 0
326660, 0
326751, 0
326981, 0
327667, 0
330023, 0
331151, 0
331185, 0
331315, 0
332235, 0
332669, 0
333218, 0
333294, 0
333558, 0
333663, 0
334287, 0
334337, 0
334716, 0
334977, 0
335177, 0
335214, 0
335239, 0
335896, 0
336056, 0
336158, 0
336326, 0
336437, 0
336475, 0
336999, 0
337759, 0
338350, 0
338531, 0
338666, 0
338676, 0
338767, 0
339064, 0
339604, 0
339749, 0
339964, 0
340194, 0
340275, 0
341358, 0
342003, 0
342596, 0
343532, 0
343576, 0
343780, 0
343788, 0
343827, 0
344032, 0
344047, 0
344121, 0
344223, 0
344238, 0
344295, 0
344324, 0
344470, 0
344509, 0
344530, 0
344597, 0
344648, 0
345372, 0
345410, 0
345449, 0
345946, 0
346484, 0
347163, 0
347366, 0
347392, 0
348205, 0
349176, 0
349937, 0
350806, 0
350864, 0
352403, 0
352485, 0
353460, 0
353761, 0
354635, 0
355034, 0
355392, 0
355482, 0
355613, 0
355696, 0
356026, 0
356218, 0
356630, 0
356794, 0
357699, 0
358093, 0
358397, 0
358792, 0
359210, 0
359358, 0
359752, 0
359897, 0
360150, 0
360517, 0
361326, 0
362749, 0
363590, 0
363882, 0
364094, 0
364750, 0
365089, 0
365745, 0
366145, 0
366249, 0
366459, 0
367694, 0
368151, 0
370303, 0
370363, 0
370427, 0
370455, 0
370689, 0
370770, 0
371139, 0
371273, 0
371732, 0
373194, 0
373382, 0
373603, 0
374544, 0
375249, 0
375472, 0
376241, 0
376856, 0
377153, 0
377355, 0
377379, 0
377607, 0
379041, 0
379582, 0
379586, 0
379977, 0
380365, 0
380869, 0
381062, 0
381076, 0
381100, 0
381228, 0
381245, 0
381263, 0
381547, 0
381753, 0
381956, 0
382228, 0
382471, 0
383131, 0
383135, 0
383210, 0
384070, 0
384113, 0
384727, 0
384823, 0
385046, 0
385622, 0
385928, 0
387391, 0
387738, 0
387845, 0
387871, 0
388039, 0
388977, 0
388983, 0
389190, 0
389448, 0
390087, 0
390100, 0
390202, 0
390363, 0
390554, 0
390703, 0
391051, 0
391160, 0
391513, 0
392341, 0
392420, 0
392591, 0
392735, 0
392813, 0
392872, 0
392999, 0
393043, 0
393223, 0
393377, 0
393596, 0
393684, 0
394749, 0
395131, 0
395478, 0
396833, 0
397341, 0
397863, 0
398762, 0
399123, 0
400587, 0
401252, 0
401670, 0
401850, 0
401927, 0
401981, 0
403571, 0
403773, 0
404408, 0
404706, 0
404991, 0
405038, 0
405073, 0
405175, 0
405585, 0
405903, 0
406065, 0
406229, 0
406401, 0
406669, 0
407327, 0
407586, 0
407816, 0
408133, 0
408368, 0
409178, 0
409670, 0
410716, 0
411889, 0
412068, 0
412625, 0
412639, 0
412696, 0
413264, 0
413284, 0
413698, 0
414960, 0
415442, 0
415541, 0
415599, 0
415605, 0
415973, 0
415988, 0
416004, 0
416009, 0
416429, 0
416633, 0
416657, 0
417065, 0
417136, 0
417335, 0
417749, 0
417763, 0
417914, 0
418762, 0
418849, 0
418898, 0
418900, 0
419622, 0
420765, 0
421310, 0
421571, 0
421626, 0
422133, 0
422245, 0
422623, 0
423407, 0
424070, 0
424320, 0
424438, 0
424539, 0
425171, 0
425272, 0
425471, 0
425670, 0
425774, 0
428177, 0
428757, 0
429013, 0
429190, 0
429353, 0
429651, 0
429665, 0
429756, 0
429773, 0
429847, 0
429857, 0
429930, 0
430191, 0
430220, 0
430258, 0
430507, 0
431224, 0
431384, 0
431845, 0
431892, 0
431992, 0
432779, 0
432856, 0
433097, 0
433137, 0
433323, 0
433613, 0
434790, 0
435163, 0
435307, 0
435966, 0
435999, 0
436026, 0
436333, 0
436433, 0
437483, 0
437783, 0
438190, 0
438442, 0
438657, 0
439612, 0
439757, 0
439785, 0
439927, 0
439985, 0
440119, 0
440675, 0
441005, 0
441083, 0
441421, 0
441455, 0
441546, 0
441760, 0
442105, 0
443005, 0
443091, 0
443327, 0
443543, 0
444093, 0
444317, 0
444502, 0
444691, 0
445444, 0
445515, 0
445771, 0
446060, 0
446192, 0
446318, 0
446470, 0
446683, 0
446850, 0
447438, 0
447477, 0
448395, 0
448449, 0
448996, 0
449017, 0
449161, 0
449305, 0
449368, 0
449479, 0
449506, 0
450399, 0
450449, 0
450581, 0
450839, 0
450895, 0
451089, 0
452098, 0
452885, 0
453009, 0
453806, 0
454775, 0
454905, 0
454945, 0
454997, 0
455187, 0
455560, 0
456008, 0
456146, 0
456510, 0
456595, 0
456731, 0
456748, 0
457067, 0
458023, 0
458096, 0
458113, 0
458164, 0
458268, 0
458573, 0
458742, 0
458842, 0
460053, 0
460171, 0
460190, 0
460309, 0
460999, 0
461008, 0
461237, 0
461976, 0
462004, 0
462029, 0
462056, 0
462158, 0
462956, 0
463191, 0
463569, 0
464403, 0
464698, 0
465255, 0
465455, 0
466276, 0
466426, 0
466483, 0
466672, 0
466680, 0
467341, 0
468012, 0
468052, 0
468152, 0
468292, 0
468942, 0
471204, 0
472485, 0
472902, 0
473633, 0
473681, 0
473999, 0
474292, 0
474926, 0
475552, 0
475628, 0
475694, 0
475946, 0
476287, 0
476799, 0
477131, 0
479186, 0
479210, 0
479657, 0
479790, 0
480051, 0
480790, 0
481446, 0
481508, 0
482796, 0
483367, 0
483380, 0
483761, 0
484077, 0
484288, 0
484522, 0
484684, 0
484686, 0
484824, 0
487224, 0
488571, 0
489661, 0
490218, 0
490663, 0
491556, 0
492012, 0
492449, 0
492671, 0
493413, 0
493614, 0
493739, 0
493914, 0
494032, 0
494513, 0
494737, 0
494939, 0
494946, 0
495151, 0
495612, 0
496579, 0
496773, 0
496872, 0
497220, 0
497458, 0
498149, 0
498302, 0
498853, 0
498860, 0
499642, 0
499786, 0
500877, 0
502102, 0
502172, 0
502217, 0
502405, 0
502599, 0
502654, 0
502952, 0
503722, 0
503935, 0
503993, 0
504394, 0
504802, 0
504807, 0
504822, 0
504992, 0
505726, 0
505817, 0
506602, 0
506746, 0
507669, 0
507988, 0
508791, 0
509915, 0
510230, 0
511404, 0
511603, 0
511745, 0
511769, 0
512009, 0
512877, 0
512997, 0
513307, 0
513315, 0
513546, 0
513635, 0
514242, 0
514877, 0
515714, 0
516437, 0
516892, 0
516925, 0
517134, 0
517390, 0
517711, 0
518775, 0
519550, 0
520635, 0
520646, 0
521666, 0
522410, 0
522707, 0
524000, 0
524078, 0
524502, 0
526016, 0
526227, 0
526301, 0
526460, 0
526879, 0
527437, 0
527835, 0
528359, 0
528588, 0
528736, 0
529204, 0
529285, 0
529415, 0
529530, 0
529627, 0
530040, 0
530059, 0
530183, 0
530201, 0
530471, 0
530549, 0
530649, 0
530731, 0
530800, 0
530954, 0
531506, 0
531512, 0
531827, 0
532305, 0
533636, 0
534502, 0
534906, 0
535027, 0
535058, 0
535200, 0
535330, 0
535359, 0
535576, 0
535634, 0
535932, 0
536216, 0
536520, 0
536599, 0
536785, 0
537239, 0
537817, 0
538831, 0
539154, 0
539657, 0
539681, 0
539879, 0
539881, 0
539908, 0
540012, 0
540265, 0
541025, 0
541419, 0
541667, 0
541882, 0
542845, 0
542899, 0
543062, 0
543146, 0
543153, 0
543198, 0
543507, 0
543661, 0
543706, 0
543790, 0
543893, 0
543955, 0
544621, 0
544675, 0
544756, 0
544768, 0
544965, 0
545302, 0
545858, 0
546208, 0
546209, 0
546312, 0
547527, 0
547645, 0
547693, 0
547944, 0
548174, 0
548369, 0
548890, 0
549871, 0
550357, 0
550364, 0
550425, 0
550451, 0
550466, 0
551213, 0
551345, 0
552117, 0
552163, 0
552510, 0
552730, 0
553053, 0
553423, 0
553499, 0
553640, 0
554283, 0
555496, 0
555639, 0
555786, 0
555841, 0
555892, 0
556154, 0
557144, 0
557846, 0
558027, 0
558173, 0
558391, 0
559081, 0
559099, 0
559312, 0
559490, 0
560010, 0
560798, 0
561036, 0
561089, 0
561757, 0
562186, 0
562244, 0
563626, 0
564057, 0
564626, 0
565085, 0
565213, 0
565415, 0
565821, 0
566085, 0
566096, 0
567022, 0
567087, 0
567673, 0
568273, 0
568365, 0
568465, 0
568747, 0
568971, 0
569339, 0
569434, 0
570753, 0
571419, 0
572296, 0
573029, 0
573276, 0
573432, 0
573439, 0
573509, 0
574006, 0
574831, 0
575692, 0
575729, 0
575927, 0
576269, 0
577561, 0
577748, 0
577840, 0
577977, 0
579306, 0
579859, 0
580244, 0
581384, 0
581899, 0
582311, 0
583464, 0
583630, 0
583681, 0
584195, 0
584611, 0
584659, 0
585371, 0
585625, 0
585629, 0
586070, 0
586797, 0
586936, 0
587900, 0
588390, 0
588398, 0
589165, 0
589529, 0
589600, 0
590142, 0
590535, 0
590960, 0
591251, 0
592209, 0
592263, 0
592583, 0
592651, 0
592779, 0
593274, 0
593344, 0
593438, 0
593605, 0
593619, 0
593682, 0
593952, 0
594130, 0
594274, 0
594375, 0
595320, 0
595375, 0
596366, 0
597085, 0
597583, 0
597679, 0
597914, 0
598206, 0
598455, 0
599000, 0
600082, 0
600699, 0
600992, 0
601219, 0
601232, 0
601378, 0
601408, 0
601783, 0
602075, 0
602590, 0
603312, 0
603434, 0
603905, 0
604146, 0
604374, 0
604661, 0
604706, 0
604899, 0
604911, 0
604959, 0
605499, 0
606400, 0
606408, 0
606867, 0
606903, 0
607036, 0
607089, 0
607478, 0
607607, 0
607960, 0
608068, 0
608074, 0
608471, 0
609195, 0
609196, 0
609445, 0
609894, 0
610345, 0
610559, 0
611028, 0
611721, 0
611815, 0
612006, 0
612480, 0
612987, 0
613555, 0
613568, 0
613684, 0
613747, 0
614086, 0
614606, 0
614744, 0
615025, 0
615664, 0
615936, 0
615980, 0
617096, 0
617326, 0
618591, 0
618877, 0
618952, 0
619338, 0
619732, 0
620181, 0
620329, 0
620356, 0
620431, 0
621044, 0
622229, 0
622468, 0
624378, 0
624464, 0
624679, 0
624914, 0
624952, 0
625526, 0
626217, 0
626703, 0
626818, 0
626885, 0
627104, 0
627178, 0
628055, 0
628352, 0
628598, 0
629288, 0
630995, 0
631417, 0
631457, 0
632584, 0
632714, 0
633401, 0
633555, 0
633645, 0
633739, 0
633983, 0
633994, 0
634565, 0
634625, 0
634631, 0
635085, 0
635256, 0
635416, 0
635510, 0
635570, 0
636002, 0
636376, 0
636744, 0
636786, 0
636982, 0
637173, 0
637200, 0
637437, 0
637469, 0
637726, 0
637773, 0
637983, 0
638055, 0
638364, 0
638392, 0
638566, 0
638852, 0
638910, 0
638920, 0
639084, 0
639761, 0
640234, 0
640416, 0
640957, 0
641329, 0
641735, 0
641811, 0
642127, 0
642254, 0
642451, 0
643300, 0
643879, 0
644228, 0
644549, 0
644562, 0
644651, 0
644814, 0
645081, 0
646420, 0
646421, 0
648614, 0
649169, 0
649471, 0
649727, 0
649799, 0
649874, 0
651364, 0
651501, 0
652044, 0
654055, 0
654225, 0
654277, 0
654520, 0
655265, 0
655644, 0
655816, 0
656245, 0
656630, 0
656757, 0
657068, 0
657483, 0
657833, 0
658320, 0
658563, 0
658914, 0
659124, 0
659221, 0
659896, 0
660122, 0
660939, 0
661350, 0
661363, 0
661706, 0
661707, 0
662590, 0
662668, 0
662849, 0
663631, 0
663986, 0
664024, 0
664559, 0
664848, 0
664943, 0
665123, 0
665234, 0
665238, 0
665324, 0
665842, 0
665928, 0
666264, 0
666313, 0
666436, 0
666542, 0
666623, 0
666720, 0
667015, 0
667132, 0
667292, 0
667400, 0
667436, 0
667471, 0
667608, 0
667630, 0
668260, 0
668303, 0
668444, 0
668538, 0
668841, 0
668904, 0
669034, 0
669311, 0
669375, 0
669819, 0
670615, 0
670961, 0
671034, 0
671172, 0
671476, 0
671600, 0
671639, 0
672184, 0
672255, 0
673680, 0
674276, 0
674653, 0
675062, 0
675173, 0
675607, 0
676487, 0
676631, 0
676662, 0
676696, 0
677191, 0
677657, 0
677746, 0
678028, 0
678339, 0
678375, 0
678500, 0
678607, 0
678632, 0
679030, 0
679198, 0
679615, 0
680353, 0
680461, 0
680489, 0
680636, 0
680900, 0
681287, 0
681502, 0
681580, 0
681894, 0
682711, 0
683322, 0
683378, 0
683437, 0
683774, 0
684652, 0
684720, 0
684806, 0
685097, 0
685101, 0
685321, 0
685481, 0
686759, 0
687272, 0
687607, 0
687661, 0
687786, 0
687992, 0
688497, 0
688574, 0
688850, 0
689912, 0
690149, 0
690467, 0
690528, 0
690784, 0
690869, 0
691003, 0
691082, 0
691992, 0
692158, 0
693299, 0
694579, 0
695147, 0
695694, 0
696073, 0
696169, 0
696612, 0
697032, 0
698163, 0
698628, 0
699747, 0
700015, 0
700399, 0
700575, 0
700751, 0
700753, 0
701007, 0
701503, 0
701689, 0
701775, 0
702108, 0
702310, 0
702319, 0
702436, 0
702857, 0
703477, 0
704020, 0
704027, 0
704671, 0
704938, 0
705673, 0
705696, 0
705789, 0
705795, 0
706030, 0
706149, 0
706409, 0
706427, 0
706573, 0
707754, 0
708815, 0
709484, 0
710091, 0
710531, 0
710664, 0
711731, 0
711775, 0
712048, 0
712434, 0
712837, 0
713617, 0
713757, 0
714646, 0
715667, 0
717363, 0
717426, 0
717557, 0
718672, 0
718929, 0
719001, 0
719102, 0
719944, 0
719945, 0
720564, 0
720644, 0
720783, 0
721038, 0
721454, 0
721546, 0
722087, 0
722188, 0
722706, 0
722908, 0
723253, 0
723413, 0
723940, 0
724015, 0
724364, 0
724704, 0
724754, 0
724917, 0
725071, 0
725312, 0
725389, 0
725640, 0
725841, 0
726198, 0
726225, 0
726280, 0
726336, 0
726444, 0
726730, 0
727323, 0
727426, 0
727481, 0
727846, 0
728466, 0
728733, 0
728886, 0
728900, 0
728996, 0
729047, 0
729674, 0
729912, 0
729972, 0
730204, 0
730255, 0
730477, 0
731204, 0
731389, 0
731573, 0
731886, 0
731898, 0
732272, 0
732568, 0
732887, 0
732994, 0
734510, 0
734730, 0
734772, 0
735235, 0
736911, 0
738315, 0
738848, 0
738997, 0
739391, 0
739911, 0
740246, 0
740374, 0
740692, 0
741205, 0
741768, 0
741948, 0
742453, 0
742545, 0
742887, 0
743654, 0
743988, 0
744492, 0
744884, 0
745389, 0
746330, 0
746546, 0
746589, 0
747646, 0
747726, 0
747733, 0
747981, 0
749233, 0
749710, 0
749853, 0
749877, 0
749896, 0
750742, 0
750802, 0
751003, 0
751020, 0
751053, 0
751409, 0
752160, 0
753411, 0
753520, 0
753958, 0
754447, 0
755105, 0
755400, 0
755423, 0
757123, 0
757274, 0
757596, 0
757830, 0
758858, 0
758981, 0
759761, 0
760173, 0
760201, 0
760412, 0
760426, 0
760572, 0
761186, 0
761763, 0
761952, 0
762793, 0
764536, 0
764594, 0
764687, 0
764698, 0
764934, 0
765567, 0
765906, 0
766750, 0
767092, 0
767154, 0
767251, 0
767858, 0
768773, 0
768851, 0
769262, 0
769780, 0
770744, 0
770950, 0
771507, 0
771989, 0
772341, 0
772653, 0
773548, 0
773952, 0
775015, 0
775125, 0
775220, 0
775900, 0
776443, 0
776494, 0
777550, 0
777721, 0
777773, 0
778515, 0
778683, 0
778849, 0
779377, 0
779558, 0
779764, 0
779798, 0
779913, 0
780317, 0
780544, 0
781374, 0
782341, 0
782404, 0
782474, 0
782992, 0
783487, 0
783710, 0
783965, 0
784225, 0
784625, 0
784731, 0
784761, 0
785211, 0
785769, 0
786097, 0
786670, 0
786681, 0
788415, 0
788778, 0
789051, 0
791439, 0
791922, 0
792248, 0
793391, 0
793420, 0
793583, 0
793644, 0
795389, 0
795594, 0
795703, 0
795743, 0
795873, 0
796602, 0
796789, 0
797190, 0
798874, 0
799619, 0
800024, 0
800422, 0
800552, 0
801545, 0
801980, 0
802098, 0
802208, 0
802358, 0
803431, 0
803531, 0
804274, 0
804534, 0
804540, 0
804779, 0
804805, 0
804889, 0
804947, 0
805244, 0
805253, 0
805340, 0
805342, 0
805548, 0
805904, 0
805967, 0
806526, 0
807172, 0
807194, 0
807386, 0
808046, 0
808338, 0
808373, 0
809112, 0
809129, 0
809233, 0
809329, 0
809612, 0
809998, 0
810363, 0
810435, 0
810447, 0
810626, 0
810851, 0
810940, 0
810951, 0
812034, 0
812374, 0
813195, 0
813378, 0
813487, 0
813835, 0
814370, 0
815259, 0
815278, 0
815346, 0
815460, 0
815826, 0
817427, 0
817579, 0
818854, 0
818964, 0
819263, 0
819354, 0
819650, 0
819890, 0
821256, 0
821257, 0
821260, 0
821471, 0
821891, 0
822560, 0
822718, 0
823119, 0
823588, 0
823620, 0
823770, 0
824275, 0
824361, 0
824379, 0
824415, 0
824459, 0
826684, 0
827942, 0
830023, 0
830096, 0
830226, 0
830575, 0
831316, 0
831888, 0
832379, 0
832655, 0
833080, 0
833399, 0
833405, 0
833882, 0
834477, 0
834507, 0
835033, 0
835390, 0
835636, 0
836864, 0
836959, 0
837490, 0
838035, 0
838249, 0
838955, 0
840287, 0
840441, 0
840563, 0
840684, 0
840862, 0
841387, 0
841759, 0
841844, 0
842135, 0
842600, 0
843412, 0
844511, 0
844946, 0
845592, 0
845663, 0
845749, 0
846505, 0
846915, 0
847144, 0
847149, 0
850804, 0
850831, 0
851319, 0
852284, 0
852558, 0
852898, 0
853241, 0
853535, 0
853920, 0
854233, 0
854324, 0
854365, 0
854663, 0
854708, 0
854798, 0
855260, 0
855945, 0
857278, 0
857508, 0
858531, 0
858543, 0
858617, 0
859482, 0
860151, 0
860765, 0
861148, 0
861159, 0
861262, 0
861397, 0
861818, 0
861883, 0
862034, 0
863470, 0
864452, 0
864528, 0
865333, 0
865593, 0
865700, 0
866203, 0
866406, 0
866723, 0
866754, 0
867063, 0
867325, 0
867365, 0
867433, 0
867799, 0
868275, 0
868815, 0
870209, 0
870493, 0
870680, 0
871590, 0
872386, 0
872643, 0
873526, 0
874023, 0
874088, 0
874111, 0
874988, 0
876789, 0
876869, 0
877551, 0
877925, 0
879599, 0
880523, 0
880679, 0
880702, 0
881336, 0
881423, 0
881731, 0
882445, 0
882946, 0
883210, 0
883279, 0
883314, 0
884497, 0
885069, 0
885249, 0
885600, 0
885815, 0
886372, 0
887484, 0
887503, 0
887611, 0
887919, 0
888100, 0
888473, 0
888737, 0
888749, 0
888941, 0
889310, 0
890563, 0
891383, 0
891914, 0
891998, 0
892112, 0
892649, 0
892981, 0
893186, 0
893303, 0
894410, 0
895013, 0
896440, 0
896461, 0
897553, 0
897859, 0
897865, 0
898425, 0
898433, 0
898782, 0
899795, 0
899821, 0
900374, 0
903589, 0
903642, 0
904295, 0
904719, 0
905104, 0
905406, 0
906174, 0
906473, 0
907594, 0
907722, 0
907749, 0
908311, 0
909137, 0
909215, 0
909479, 0
909647, 0
910289, 0
910337, 0
910495, 0
911622, 0
913844, 0
913880, 0
914132, 0
914408, 0
914558, 0
914698, 0
914760, 0
915210, 0
915230, 0
915320, 0
916991, 0
917277, 0
917346, 0
917674, 0
917882, 0
918892, 0
919225, 0
919266, 0
919377, 0
919702, 0
919819, 0
919914, 0
920367, 0
921032, 0
921118, 0
921454, 0
921540, 0
922268, 0
922977, 0
923123, 0
923283, 0
923359, 0
923532, 0
923904, 0
924463, 0
924471, 0
924897, 0
924987, 0
925736, 0
926428, 0
926555, 0
926920, 0
927289, 0
927626, 0
928030, 0
928825, 0
929414, 0
929966, 0
930548, 0
932011, 0
932183, 0
932289, 0
933130, 0
933165, 0
933220, 0
933222, 0
933978, 0
934226, 0
934336, 0
934467, 0
935070, 0
935092, 0
935272, 0
935318, 0
935940, 0
936144, 0
936885, 0
937814, 0
938034, 0
939018, 0
939670, 0
939817, 0
940054, 0
940186, 0
940252, 0
940523, 0
940540, 0
940935, 0
940992, 0
941099, 0
941125, 0
941241, 0
941361, 0
941657, 0
942583, 0
942717, 0
942923, 0
943358, 0
943969, 0
944263, 0
944349, 0
944819, 0
945257, 0
945329, 0
945777, 0
946005, 0
946311, 0
946463, 0
947501, 0
947708, 0
948047, 0
948359, 0
948729, 0
948789, 0
948935, 0
949125, 0
949412, 0
949646, 0
949794, 0
949924, 0
949942, 0
950292, 0
950724, 0
951507, 0
951539, 0
951969, 0
953149, 0
953621, 0
953916, 0
954143, 0
954347, 0
954712, 0
954855, 0
954911, 0
954989, 0
955422, 0
955922, 0
956020, 0
956027, 0
956510, 0
956996, 0
957112, 0
957248, 0
957956, 0
957974, 0
958013, 0
958229, 0
958250, 0
958660, 0
958840, 0
959304, 0
959417, 0
960685, 0
960695, 0
960714, 0
960744, 0
962016, 0
962114, 0
962176, 0
962926, 0
963108, 0
963142, 0
963576, 0
964506, 0
965083, 0
965328, 0
965397, 0
967084, 0
967198, 0
967593, 0
968381, 0
968425, 0
968490, 0
968666, 0
969166, 0
969577, 0
970071, 0
970112, 0
970130, 0
970314, 0
970439, 0
970592, 0
971050, 0
971070, 0
971152, 0
971395, 0
971465, 0
971928, 0
972037, 0
972327, 0
973048, 0
973333, 0
974105, 0
975033, 0
975520, 0
975716, 0
975724, 0
976182, 0
976307, 0
976778, 0
976961, 0
977007, 0
977141, 0
978220, 0
979577, 0
980697, 0
981640, 0
982015, 0
982411, 0
983325, 0
983818, 0
984952, 0
986118, 0
986159, 0
986186, 0
987454, 0
987519, 0
987917, 0
988410, 0
988579, 0
989021, 0
989303, 0
989659, 0
990000, 0
990750, 0
991104, 0
992090, 0
992301, 0
992352, 0
992539, 0
993276, 0
993415, 0
994520, 0
995527, 0
995697, 0
996154, 0
996497, 0
997119, 0
997208, 0
998069, 0
999361, 0
999558, 0
999587, 0
1000331, 0
1000827, 0
1000870, 0
1001297, 0
1001967, 0
1002040, 0
1002125, 0
1003057, 0
1003402, 0
1004519, 0
1004629, 0
1004972, 0
1005031, 0
1005290, 0
1005800, 0
1007154, 0
1007401, 0
1007545, 0
1008228, 0
1009345, 0
1009715, 0
1009778, 0
1010308, 0
1010685, 0
1011012, 0
1011478, 0
1011550, 0
1011705, 0
1011754, 0
1011819, 0
1012186, 0
1012423, 0
1012582, 0
1013952, 0
1015105, 0
1015362, 0
1016399, 0
1016451, 0
1018221, 0
1018559, 0
1018910, 0
1018952, 0
1018972, 0
1019317, 0
1019615, 0
1019896, 0
1020654, 0
1021181, 0
1021940, 0
1022300, 0
1022309, 0
1022972, 0
1023140, 0
1024310, 0
1024340, 0
1024403, 0
1024496, 0
1025010, 0
1025281, 0
1026271, 0
1027528, 0
1027605, 0
1027659, 0
1027949, 0
1028082, 0
1028367, 0
1029775, 0
1029796, 0
1029883, 0
1030582, 0
1030825, 0
1031337, 0
1031978, 0
1032360, 0
1032388, 0
1032663, 0
1032951, 0
1033002, 0
1033661, 0
1033738, 0
1034128, 0
1034374, 0
1034486, 0
1035115, 0
1035117, 0
1035309, 0
1035372, 0
1036623, 0
1037403, 0
1037532, 0
1038360, 0
1038369, 0
1038440, 0
1039431, 0
1039615, 0
1040248, 0
1040661, 0
1042073, 0
1042392, 0
1042415, 0
1042713, 0
1043011, 0
1043125, 0
1043172, 0
1043524, 0
1043677, 0
1044144, 0
1044700, 0
1044823, 0
1044866, 0
1045366, 0
1045556, 0
1045794, 0
1046146, 0
1046255, 0
1046733, 0
1047750, 0
1047973, 0
1048086, 0
1048261, 0
1048558, 0
1048616, 0
1048672, 0
1048774, 0
1049061, 0
1049085, 0
1049696, 0
1050009, 0
1050314, 0
1050472, 0
1050587, 0
1050647, 0
1050858, 0
1051147, 0
1051223, 0
1051415, 0
1052289, 0
1052998, 0
1053042, 0
1053269, 0
1053765, 0
1054004, 0
1054448, 0
1054478, 0
1054522, 0
1055105, 0
1055960, 0
1056283, 0
1056690, 0
1056829, 0
1056969, 0
1057454, 0
1057653, 0
1057663, 0
1057981, 0
1058596, 0
1058836, 0
1059621, 0
1059664, 0
1059945, 0
1060019, 0
1061325, 0
1061531, 0
1061730, 0
1061764, 0
1062046, 0
1062131, 0
1062948, 0
1063335, 0
1063818, 0
1063856, 0
1064164, 0
1064443, 0
1064799, 0
1065680, 0
1066188, 0
1066350, 0
1066586, 0
1066650, 0
1067436, 0
1067458, 0
1067661, 0
1067753, 0
1067790, 0
1067844, 0
1068542, 0
1068828, 0
1069417, 0
1070699, 0
1071038, 0
1071883, 0
1071944, 0
1071966, 0
1072002, 0
1072081, 0
1072280, 0
1072413, 0
1072519, 0
1072576, 0
1073059, 0
1073775, 0
1075760, 0
1075915, 0
1076304, 0
1077105, 0
1077412, 0
1077607, 0
1078642, 0
1079181, 0
1079510, 0
1079542, 0
1080575, 0
1080987, 0
1081204, 0
1081646, 0
1081706, 0
1081748, 0
1082235, 0
1082484, 0
1082897, 0
1082913, 0
1083298, 0
1083571, 0
1084150, 0
1084453, 0
1084755, 0
1084915, 0
1085412, 0
1085900, 0
1086062, 0
1086904, 0
1087454, 0
1087651, 0
1088121, 0
1088249, 0
1088627, 0
1088654, 0
1088928, 0
1089117, 0
1089133, 0
1090043, 0
1090394, 0
1091054, 0
1091120, 0
1091152, 0
1092052, 0
1092399, 0
1092667, 0
1092812, 0
1093070, 0
1093164, 0
1093187, 0
1093568, 0
1093944, 0
1094480, 0
1094926, 0
1095308, 0
1095579, 0
1095730, 0
1096096, 0
1096225, 0
1096687, 0
1096901, 0
1097083, 0
1097419, 0
1097434, 0
1097668, 0
1097701, 0
1097716, 0
1098202, 0
1098857, 0
1099110, 0
1100311, 0
1100478, 0
1101214, 0
1101233, 0
1101257, 0
1101397, 0
1101502, 0
1102017, 0
1102086, 0
1103432, 0
1104053, 0
1104067, 0
1104340, 0
1104400, 0
1104440, 0
1104573, 0
1105199, 0
1105833, 0
1106468, 0
1106478, 0
1106503, 0
1107475, 0
1107510, 0
1108929, 0
1108961, 0
1109715, 0
1110015, 0
1112902, 0
1113389, 0
1114154, 0
1114377, 0
1114805, 0
1115049, 0
1115543, 0
1115899, 0
1116337, 0
1117051, 0
1117370, 0
1117954, 0
1118901, 0
1119322, 0
1119435, 0
1119891, 0
1120561, 0
1120660, 0
1122879, 0
1124287, 0
1124795, 0
1124928, 0
1125104, 0
1126001, 0
1126414, 0
1126488, 0
1126979, 0
1127127, 0
1127131, 0
1127323, 0
1128120, 0
1128223, 0
1128325, 0
1129216, 0
1129474, 0
1130566, 0
1130571, 0
1131057, 0
1131494, 0
1131886, 0
1131974, 0
1132692, 0
1132938, 0
1133078, 0
1133288, 0
1133432, 0
1134532, 0
1134893, 0
1135002, 0
1135304, 0
1135647, 0
1135915, 0
1136123, 0
1136156, 0
1136183, 0
1136410, 0
1136493, 0
1136811, 0
1137031, 0
1137091, 0
1137717, 0
1137724, 0
1138000, 0
1139596, 0
1139930, 0
1140463, 0
1140740, 0
1140859, 0
1140899, 0
1141059, 0
1141269, 0
1141429, 0
1141605, 0
1142555, 0
1143024, 0
1143115, 0
1143184, 0
1143226, 0
1143231, 0
1143347, 0
1143453, 0
1144607, 0
1145361, 0
1146210, 0
1146892, 0
1147056, 0
1147769, 0
1147957, 0
1148428, 0
1149111, 0
1150109, 0
1151363, 0
1151456, 0
1151617, 0
1151633, 0
1151698, 0
1151833, 0
1152097, 0
1152951, 0
1154677, 0
1154747, 0
1154960, 0
1155014, 0
1155135, 0
1155305, 0
1155937, 0
1156056, 0
1156198, 0
1156476, 0
1157190, 0
1157576, 0
1157591, 0
1157935, 0
1158323, 0
1158429, 0
1159581, 0
1159812, 0
1160177, 0
1160374, 0
1160665, 0
1161131, 0
1161169, 0
1161454, 0
1161761, 0
1161802, 0
1162001, 0
1162277, 0
1162591, 0
1163019, 0
1163478, 0
1164073, 0
1164399, 0
1164445, 0
1165198, 0
1165655, 0
1165911, 0
1165947, 0
1166220, 0
1167102, 0
1167950, 0
1168270, 0
1168538, 0
1170516, 0
1170730, 0
1170740, 0
1170877, 0
1171029, 0
1171071, 0
1171202, 0
1171413, 0
1172083, 0
1172116, 0
1173214, 0
1173636, 0
1174581, 0
1174646, 0
1174662, 0
1174942, 0
1175003, 0
1175459, 0
1175678, 0
1175736, 0
1175809, 0
1175847, 0
1176396, 0
1177122, 0
1177131, 0
1177196, 0
1177623, 0
1178078, 0
1179333, 0
1179613, 0
1179673, 0
1179890, 0
1179953, 0
1180326, 0
1180705, 0
1181889, 0
1181970, 0
1183264, 0
1183470, 0
1183882, 0
1183993, 0
1184043, 0
1184130, 0
1184964, 0
1185895, 0
1186027, 0
1186211, 0
1186661, 0
1187556, 0
1187775, 0
1187817, 0
1189394, 0
1190936, 0
1191467, 0
1191533, 0
1191860, 0
1192515, 0
1193609, 0
1193815, 0
1194449, 0
1195045, 0
1195608, 0
1195740, 0
1196196, 0
1196713, 0
1196891, 0
1196992, 0
1197080, 0
1197083, 0
1197212, 0
1197870, 0
1198048, 0
1198730, 0
1199023, 0
1199945, 0
1200233, 0
1200357, 0
1200371, 0
1200417, 0
1200592, 0
1200726, 0
1202299, 0
1203554, 0
1203784, 0
1204058, 0
1204740, 0
1205592, 0
1205819, 0
1206425, 0
1206551, 0
1206670, 0
1207615, 0
1208390, 0
1208495, 0
1208498, 0
1208768, 0
1209394, 0
1209621, 0
1209830, 0
1209920, 0
1211180, 0
1211258, 0
1211307, 0
1211384, 0
1211719, 0
1212072, 0
1212327, 0
1212346, 0
1212761, 0
1212787, 0
1213441, 0
1213971, 0
1214019, 0
1214091, 0
1215539, 0
1216049, 0
1216330, 0
1216597, 0
1216982, 0
1217041, 0
1217168, 0
1217200, 0
1217798, 0
1218332, 0
1218378, 0
1218408, 0
1218739, 0
1218973, 0
1219027, 0
1219245, 0
1219591, 0
1219626, 0
1220389, 0
1220606, 0
1221779, 0
1222122, 0
1223046, 0
1223144, 0
1223549, 0
1224428, 0
1224607, 0
1225128, 0
1225167, 0
1225753, 0
1227445, 0
1228392, 0
1230677, 0
1231030, 0
1231057, 0
1231151, 0
1231747, 0
1231837, 0
1232048, 0
1232230, 0
1232641, 0
1234234, 0
1234808, 0
1234857, 0
1235216, 0
1236026, 0
1236670, 0
1237301, 0
1237431, 0
1237591, 0
1237641, 0
1237931, 0
1238208, 0
1238754, 0
1239202, 0
1240218, 0
1240246, 0
1240267, 0
1240292, 0
1240708, 0
1241142, 0
1241515, 0
1241642, 0
1241910, 0
1242128, 0
1242441, 0
1243232, 0
1243238, 0
1243274, 0
1244175, 0
1245254, 0
1246866, 0
1247154, 0
1247458, 0
1247772, 0
1248013, 0
1248223, 0
1248243, 0
1248870, 0
1249373, 0
1249611, 0
1249616, 0
1249625, 0
1250090, 0
1250149, 0
1250206, 0
1250374, 0
1250631, 0
1250972, 0
1252189, 0
1252747, 0
1253087, 0
1253289, 0
1253739, 0
1253899, 0
1254652, 0
1254931, 0
1255272, 0
1255380, 0
1255459, 0
1256105, 0
1256758, 0
1256771, 0
1256972, 0
1256975, 0
1256999, 0
1257069, 0
1257192, 0
1257202, 0
1257493, 0
1258212, 0
1259188, 0
1259261, 0
1259625, 0
1260396, 0
1260714, 0
1260725, 0
1261389, 0
1262336, 0
1262611, 0
1262870, 0
1263359, 0
1263585, 0
1264321, 0
1264904, 0
1265338, 0
1266150, 0
1266449, 0
1266759, 0
1266762, 0
1267065, 0
1267960, 0
1268092, 0
1268186, 0
1268383, 0
1268588, 0
1268680, 0
1268921, 0
1268976, 0
1269735, 0
1269756, 0
1269794, 0
1270025, 0
1270030, 0
1270837, 0
1271016, 0
1271047, 0
1271198, 0
1271365, 0
1272904, 0
1272978, 0
1272989, 0
1273255, 0
1273506, 0
1273634, 0
1273963, 0
1274225, 0
1274305, 0
1274741, 0
1275630, 0
1275993, 0
1276905, 0
1276955, 0
1277021, 0
1277096, 0
1277279, 0
1278005, 0
1278083, 0
1279542, 0
1280113, 0
1280129, 0
1280564, 0
1280718, 0
1281083, 0
1281689, 0
1281893, 0
1281931, 0
1283028, 0
1283796, 0
1283949, 0
1284135, 0
1284247, 0
1285465, 0
1286374, 0
1286493, 0
1286622, 0
1286657, 0
1286698, 0
1286737, 0
1287066, 0
1287588, 0
1287654, 0
1287841, 0
1288008, 0
1288588, 0
1288702, 0
1288822, 0
1289376, 0
1290327, 0
1290766, 0
1290771, 0
1291223, 0
1291723, 0
1292245, 0
1292315, 0
1292860, 0
1293792, 0
1294180, 0
1294532, 0
1295177, 0
1295280, 0
1295409, 0
1295782, 0
1295901, 0
1296368, 0
1296458, 0
1296467, 0
1296888, 0
1297372, 0
1298158, 0
1298467, 0
1299613, 0
1299835, 0
1299890, 0
1300378, 0
1300795, 0
1301085, 0
1301464, 0
1301945, 0
1302609, 0
1302844, 0
1303087, 0
1303609, 0
1304264, 0
1305275, 0
1305569, 0
1306649, 0
1306732, 0
1306898, 0
1306919, 0
1307608, 0
1308330, 0
1308391, 0
1308402, 0
1309187, 0
1309495, 0
1310630, 0
1310968, 0
1311137, 0
1311192, 0
1311226, 0
1311313, 0
1312114, 0
1312501, 0
1312714, 0
1312843, 0
1313248, 0
1313348, 0
1313427, 0
1314119, 0
1314276, 0
1314429, 0
1314718, 0
1315082, 0
1315151, 0
1315927, 0
1316149, 0
1316516, 0
1316518, 0
1316551, 0
1316589, 0
1316850, 0
1317110, 0
1317564, 0
1317669, 0
1317800, 0
1317956, 0
1317973, 0
1318069, 0
1318756, 0
1319171, 0
1319205, 0
1319219, 0
1319610, 0
1319615, 0
1320969, 0
