563594, 0.00738057
446209, 1.68372e-06
1190021, 6.96139e-07
399998, 6.6668e-07
458958, 5.02652e-07
396625, 4.16477e-07
66029, 3.55189e-07
712966, 3.28848e-07
136225, 3.24158e-07
1143113, 1.93974e-07
613324, 1.87125e-07
1199794, 1.8138e-07
1193893, 1.6995e-07
275673, 1.6902e-07
324252, 1.65628e-07
826123, 1.65145e-07
1182153, 1.62306e-07
675730, 1.61229e-07
848500, 1.59629e-07
763751, 1.59161e-07
1071346, 1.57448e-07
322224, 1.55084e-07
386999, 1.53783e-07
1173795, 1.52313e-07
1063181, 1.52093e-07
428176, 1.51473e-07
1035936, 1.51102e-07
540563, 1.50774e-07
186236, 1.50488e-07
448843, 1.48757e-07
697714, 1.47847e-07
88817, 1.47631e-07
931614, 1.45766e-07
670616, 1.45726e-07
740409, 1.44958e-07
374707, 1.44069e-07
1233670, 1.44045e-07
1174454, 1.42694e-07
557452, 1.10741e-07
193235, 1.09172e-07
621313, 1.08903e-07
1271141, 1.04229e-07
275622, 9.82927e-08
294460, 9.15481e-08
1239137, 8.97822e-08
92480, 8.24148e-08
364941, 7.40746e-08
962051, 7.30311e-08
1225430, 6.92072e-08
179640, 6.7658e-08
529489, 6.20993e-08
1103157, 5.69917e-08
107771, 5.23392e-08
38961, 5.17531e-08
1214817, 5.13331e-08
338663, 4.01096e-08
257084, 3.95152e-08
664310, 3.13381e-08
283790, 3.11164e-08
1272384, 2.31841e-08
274957, 1.88007e-08
444477, 1.80177e-08
22, 0
109, 0
304, 0
436, 0
952, 0
984, 0
1537, 0
1825, 0
1830, 0
1849, 0
2063, 0
2348, 0
2411, 0
2431, 0
2629, 0
2689, 0
2818, 0
2986, 0
3000, 0
3072, 0
3249, 0
3277, 0
3297, 0
3422, 0
3461, 0
3462, 0
3463, 0
3464, 0
3540, 0
3646, 0
3685, 0
3716, 0
3877, 0
3979, 0
4010, 0
4027, 0
4030, 0
4161, 0
4163, 0
4396, 0
4666, 0
4911, 0
5051, 0
5092, 0
5138, 0
5870, 0
5885, 0
5980, 0
6060, 0
6061, 0
6085, 0
6343, 0
6459, 0
6895, 0
6907, 0
7066, 0
7339, 0
7561, 0
7645, 0
7979, 0
8450, 0
8480, 0
8534, 0
8544, 0
8985, 0
9147, 0
9169, 0
9220, 0
9245, 0
9276, 0
9801, 0
9846, 0
9896, 0
9984, 0
10043, 0
10156, 0
10372, 0
10542, 0
10795, 0
10834, 0
10864, 0
10870, 0
10945, 0
10946, 0
11121, 0
11150, 0
11355, 0
11410, 0
11430, 0
11447, 0
11583, 0
11943, 0
12057, 0
12071, 0
12103, 0
12478, 0
12875, 0
13006, 0
13034, 0
13352, 0
13500, 0
13501, 0
13503, 0
13521, 0
13538, 0
13668, 0
13699, 0
13869, 0
14493, 0
14672, 0
14698, 0
14892, 0
14963, 0
15161, 0
15326, 0
15639, 0
16141, 0
16195, 0
16257, 0
16275, 0
16868, 0
17669, 0
17849, 0
17966, 0
18080, 0
18124, 0
18388, 0
18498, 0
18668, 0
18958, 0
19061, 0
19280, 0
19301, 0
19536, 0
19586, 0
19641, 0
19666, 0
19704, 0
19746, 0
19923, 0
20087, 0
20238, 0
20261, 0
20495, 0
20669, 0
20735, 0
20815, 0
20887, 0
20894, 0
21103, 0
21149, 0
21183, 0
21544, 0
21570, 0
21734, 0
21752, 0
21764, 0
21773, 0
21804, 0
22018, 0
22046, 0
22202, 0
22410, 0
22477, 0
22831, 0
22991, 0
23149, 0
23309, 0
23362, 0
23447, 0
23462, 0
23480, 0
23487, 0
23525, 0
23595, 0
23613, 0
23672, 0
23685, 0
23738, 0
23951, 0
23982, 0
24073, 0
24086, 0
24144, 0
24174, 0
24220, 0
24291, 0
24365, 0
24371, 0
24682, 0
24711, 0
24750, 0
24908, 0
24947, 0
24952, 0
25091, 0
25198, 0
25219, 0
25406, 0
25731, 0
25873, 0
25919, 0
26148, 0
26200, 0
26213, 0
26664, 0
26977, 0
27452, 0
27564, 0
27614, 0
27681, 0
27700, 0
27775, 0
27832, 0
27847, 0
28363, 0
28749, 0
28840, 0
28982, 0
29121, 0
29239, 0
29249, 0
29372, 0
29543, 0
29691, 0
29721, 0
29820, 0
29917, 0
29974, 0
30010, 0
30045, 0
30068, 0
30362, 0
31023, 0
31357, 0
31677, 0
31731, 0
31747, 0
31843, 0
32016, 0
32077, 0
32242, 0
32370, 0
32688, 0
32806, 0
32950, 0
33043, 0
33166, 0
33187, 0
33222, 0
33730, 0
34121, 0
34404, 0
34628, 0
34859, 0
34980, 0
35123, 0
35141, 0
35564, 0
35630, 0
35671, 0
35793, 0
35849, 0
35909, 0
36379, 0
36388, 0
36544, 0
36595, 0
36681, 0
36783, 0
37177, 0
37274, 0
37697, 0
38026, 0
38027, 0
38395, 0
38506, 0
38669, 0
38777, 0
38798, 0
39356, 0
39618, 0
39879, 0
40168, 0
40191, 0
40494, 0
40640, 0
40673, 0
40708, 0
40715, 0
40745, 0
40986, 0
41066, 0
41076, 0
41228, 0
41291, 0
41314, 0
41459, 0
41874, 0
41948, 0
42014, 0
42069, 0
42089, 0
42155, 0
42159, 0
42519, 0
42826, 0
42930, 0
42979, 0
43226, 0
43248, 0
43304, 0
43536, 0
43771, 0
44036, 0
44243, 0
44841, 0
44886, 0
45144, 0
45821, 0
45969, 0
46038, 0
46366, 0
46442, 0
46709, 0
46733, 0
47035, 0
47462, 0
47751, 0
47812, 0
47838, 0
47922, 0
47926, 0
47956, 0
48382, 0
48562, 0
48762, 0
48862, 0
48974, 0
49406, 0
49595, 0
49844, 0
50605, 0
50649, 0
50659, 0
50903, 0
50976, 0
51035, 0
51235, 0
51556, 0
51806, 0
52463, 0
52564, 0
52579, 0
52629, 0
52849, 0
53275, 0
53833, 0
53942, 0
54276, 0
54328, 0
54332, 0
54333, 0
54337, 0
54376, 0
54492, 0
54618, 0
54781, 0
54821, 0
54856, 0
54911, 0
55283, 0
55507, 0
55557, 0
55884, 0
55932, 0
56191, 0
56314, 0
56388, 0
56659, 0
56695, 0
57237, 0
57335, 0
57431, 0
57485, 0
57497, 0
57838, 0
58289, 0
58404, 0
58449, 0
58485, 0
58542, 0
58742, 0
59120, 0
59121, 0
59153, 0
59301, 0
59514, 0
59671, 0
59835, 0
60402, 0
60746, 0
60777, 0
61048, 0
61345, 0
61479, 0
61898, 0
61903, 0
62095, 0
62126, 0
62128, 0
62180, 0
62195, 0
62545, 0
62733, 0
63072, 0
63155, 0
63162, 0
63163, 0
63362, 0
63657, 0
63727, 0
63740, 0
63743, 0
63745, 0
63775, 0
63817, 0
63911, 0
64096, 0
64198, 0
64629, 0
64719, 0
64851, 0
64858, 0
64942, 0
65456, 0
65655, 0
65754, 0
66193, 0
66222, 0
66526, 0
66614, 0
66917, 0
67036, 0
67072, 0
67224, 0
67242, 0
67318, 0
67370, 0
68196, 0
68289, 0
68425, 0
68441, 0
68455, 0
68624, 0
69031, 0
69062, 0
69074, 0
69128, 0
69203, 0
69458, 0
70056, 0
70233, 0
70674, 0
70734, 0
70835, 0
71186, 0
71406, 0
71524, 0
71872, 0
71972, 0
71998, 0
72241, 0
72252, 0
72275, 0
72277, 0
72324, 0
72547, 0
72644, 0
73144, 0
73183, 0
73193, 0
73335, 0
73368, 0
74153, 0
74413, 0
74833, 0
74867, 0
74881, 0
75465, 0
75509, 0
75604, 0
75639, 0
75864, 0
75988, 0
76056, 0
76105, 0
76118, 0
76156, 0
76232, 0
76261, 0
76372, 0
76506, 0
76689, 0
76690, 0
76762, 0
76886, 0
77659, 0
77712, 0
77818, 0
78711, 0
79417, 0
79465, 0
79555, 0
79731, 0
80029, 0
80049, 0
80717, 0
80725, 0
80827, 0
80945, 0
81042, 0
81173, 0
81280, 0
81343, 0
81559, 0
81653, 0
81747, 0
81791, 0
81853, 0
81923, 0
81975, 0
81991, 0
82410, 0
82986, 0
83050, 0
83077, 0
83318, 0
83679, 0
83908, 0
83964, 0
84180, 0
84664, 0
85042, 0
85110, 0
85260, 0
85751, 0
86205, 0
86392, 0
86430, 0
86768, 0
86943, 0
87327, 0
87365, 0
87400, 0
87710, 0
87776, 0
87808, 0
87814, 0
88056, 0
88499, 0
88586, 0
88617, 0
88650, 0
88963, 0
89323, 0
89682, 0
89769, 0
89805, 0
89846, 0
89862, 0
89873, 0
89901, 0
89927, 0
90636, 0
91277, 0
91292, 0
91340, 0
91585, 0
91616, 0
91941, 0
91977, 0
92157, 0
92812, 0
92915, 0
93705, 0
93771, 0
93787, 0
93803, 0
93809, 0
94031, 0
94107, 0
94430, 0
94562, 0
94755, 0
94773, 0
94793, 0
94976, 0
95042, 0
95060, 0
95140, 0
95425, 0
95455, 0
95967, 0
96174, 0
96679, 0
97788, 0
97970, 0
97981, 0
98224, 0
98306, 0
98368, 0
98462, 0
98569, 0
98726, 0
99401, 0
99641, 0
99911, 0
99987, 0
100346, 0
100659, 0
100755, 0
100964, 0
100998, 0
101185, 0
101349, 0
101629, 0
101815, 0
101883, 0
101950, 0
102024, 0
102174, 0
102220, 0
102310, 0
102329, 0
102425, 0
102742, 0
102797, 0
102836, 0
103065, 0
103209, 0
103313, 0
103399, 0
103441, 0
103448, 0
103932, 0
104122, 0
104427, 0
104448, 0
104458, 0
104537, 0
104637, 0
104665, 0
104667, 0
104871, 0
105101, 0
105252, 0
105560, 0
105588, 0
106123, 0
106235, 0
106577, 0
106706, 0
106786, 0
107472, 0
107508, 0
107631, 0
107865, 0
108005, 0
108122, 0
108340, 0
108435, 0
108463, 0
109127, 0
109311, 0
109506, 0
109639, 0
109919, 0
111029, 0
111129, 0
111566, 0
111782, 0
111881, 0
112192, 0
112227, 0
112472, 0
112765, 0
112777, 0
112779, 0
112846, 0
112874, 0
113270, 0
113282, 0
113957, 0
114123, 0
114239, 0
114381, 0
114505, 0
114594, 0
114853, 0
114858, 0
114944, 0
115100, 0
115325, 0
115532, 0
115736, 0
116085, 0
116156, 0
116163, 0
116213, 0
116362, 0
116373, 0
116596, 0
116644, 0
116763, 0
116886, 0
116904, 0
116988, 0
117531, 0
117731, 0
118013, 0
118122, 0
118289, 0
118373, 0
118390, 0
118665, 0
118745, 0
118784, 0
118863, 0
119067, 0
119313, 0
119370, 0
119506, 0
119516, 0
119532, 0
119573, 0
119584, 0
119590, 0
119642, 0
119776, 0
119780, 0
120013, 0
120033, 0
120111, 0
120220, 0
120369, 0
120545, 0
120740, 0
120769, 0
120837, 0
121300, 0
121533, 0
121649, 0
121883, 0
122336, 0
122526, 0
122720, 0
123038, 0
123419, 0
123425, 0
123444, 0
123483, 0
123515, 0
123611, 0
123635, 0
124094, 0
124830, 0
125120, 0
125340, 0
125372, 0
125402, 0
125650, 0
125734, 0
125802, 0
126027, 0
126957, 0
127058, 0
127096, 0
127147, 0
127287, 0
127306, 0
127705, 0
127749, 0
128025, 0
128058, 0
128086, 0
128093, 0
128156, 0
128170, 0
128175, 0
128247, 0
128255, 0
128614, 0
129620, 0
129897, 0
130111, 0
130143, 0
130208, 0
130283, 0
130341, 0
130380, 0
130539, 0
130635, 0
130669, 0
130791, 0
130907, 0
131191, 0
131579, 0
131690, 0
131976, 0
132181, 0
132477, 0
132552, 0
132918, 0
133102, 0
133180, 0
133200, 0
133405, 0
133418, 0
133471, 0
133497, 0
133533, 0
133552, 0
133573, 0
133873, 0
134026, 0
134175, 0
134432, 0
134510, 0
134512, 0
134546, 0
134659, 0
134796, 0
134920, 0
134946, 0
134988, 0
135255, 0
135337, 0
135445, 0
135700, 0
136017, 0
136292, 0
137391, 0
137697, 0
137714, 0
137726, 0
137960, 0
138000, 0
138013, 0
138214, 0
139600, 0
139987, 0
139999, 0
140179, 0
140338, 0
140342, 0
140943, 0
141310, 0
141320, 0
141323, 0
141339, 0
141648, 0
141830, 0
142046, 0
142361, 0
142448, 0
143005, 0
143193, 0
143256, 0
143297, 0
143446, 0
143557, 0
143613, 0
143738, 0
143832, 0
143893, 0
143909, 0
144071, 0
144093, 0
144561, 0
144624, 0
144704, 0
144815, 0
145126, 0
145163, 0
145186, 0
145233, 0
145236, 0
145283, 0
145348, 0
145447, 0
145451, 0
145718, 0
145738, 0
145774, 0
145944, 0
145952, 0
145957, 0
146238, 0
146753, 0
146754, 0
146846, 0
146899, 0
147056, 0
147145, 0
147409, 0
147476, 0
147503, 0
147800, 0
147883, 0
147997, 0
148259, 0
148498, 0
148525, 0
148785, 0
149097, 0
149289, 0
149305, 0
149706, 0
149713, 0
149906, 0
149923, 0
150146, 0
150221, 0
150371, 0
150440, 0
150542, 0
150745, 0
150821, 0
150933, 0
150953, 0
150960, 0
150962, 0
151141, 0
151243, 0
151391, 0
151503, 0
151599, 0
151678, 0
151693, 0
151750, 0
151780, 0
151890, 0
151921, 0
151967, 0
152128, 0
152369, 0
152487, 0
152615, 0
152775, 0
153093, 0
153111, 0
153319, 0
153363, 0
153436, 0
153663, 0
153758, 0
154142, 0
155715, 0
155823, 0
156016, 0
156114, 0
156224, 0
156466, 0
156543, 0
156609, 0
156645, 0
156715, 0
156728, 0
156964, 0
157063, 0
157114, 0
157568, 0
158271, 0
158581, 0
158655, 0
159154, 0
159196, 0
159245, 0
159260, 0
159568, 0
159578, 0
159598, 0
160089, 0
160334, 0
160612, 0
160627, 0
160631, 0
160687, 0
160781, 0
161089, 0
161121, 0
161211, 0
161277, 0
161286, 0
161472, 0
161546, 0
161953, 0
162528, 0
162913, 0
163139, 0
163513, 0
163813, 0
164088, 0
164292, 0
164646, 0
165522, 0
165878, 0
166039, 0
166171, 0
166190, 0
166451, 0
166465, 0
166525, 0
166636, 0
166739, 0
167219, 0
167440, 0
167520, 0
167701, 0
167720, 0
167828, 0
167857, 0
168145, 0
168232, 0
168481, 0
168850, 0
168927, 0
169271, 0
169277, 0
169406, 0
169653, 0
170439, 0
170473, 0
170586, 0
170658, 0
170823, 0
170900, 0
171082, 0
171090, 0
171302, 0
171553, 0
171666, 0
171749, 0
171790, 0
171986, 0
171987, 0
172597, 0
172699, 0
173264, 0
173486, 0
173501, 0
173705, 0
173858, 0
174285, 0
174410, 0
174460, 0
174497, 0
174612, 0
174899, 0
175339, 0
175507, 0
175724, 0
175781, 0
175789, 0
175831, 0
176263, 0
176297, 0
176443, 0
176511, 0
176522, 0
176651, 0
176753, 0
176857, 0
176866, 0
177008, 0
177021, 0
177065, 0
177440, 0
177464, 0
177672, 0
178037, 0
178076, 0
178500, 0
178548, 0
178976, 0
179482, 0
179945, 0
179991, 0
180504, 0
181978, 0
182091, 0
182213, 0
182263, 0
182307, 0
182782, 0
182876, 0
182919, 0
182966, 0
183226, 0
183321, 0
183514, 0
183548, 0
183815, 0
184521, 0
185670, 0
185719, 0
185826, 0
185980, 0
186355, 0
186606, 0
186885, 0
186940, 0
186967, 0
187126, 0
187286, 0
187377, 0
187424, 0
187557, 0
187609, 0
187655, 0
188191, 0
188298, 0
188725, 0
188885, 0
188899, 0
188965, 0
189028, 0
189320, 0
189493, 0
189561, 0
189631, 0
190420, 0
190579, 0
190581, 0
190751, 0
190833, 0
190851, 0
190858, 0
190931, 0
191462, 0
191594, 0
192324, 0
192458, 0
192845, 0
192964, 0
193024, 0
193445, 0
193668, 0
193811, 0
193996, 0
194195, 0
194384, 0
194809, 0
195209, 0
196073, 0
196262, 0
196763, 0
196943, 0
197019, 0
197188, 0
197306, 0
197326, 0
197861, 0
197905, 0
198129, 0
198342, 0
198513, 0
198806, 0
198824, 0
198885, 0
199069, 0
199771, 0
199908, 0
200302, 0
200390, 0
200707, 0
200980, 0
201163, 0
201267, 0
201486, 0
201574, 0
201917, 0
201937, 0
202017, 0
202064, 0
202070, 0
202483, 0
202486, 0
202506, 0
202677, 0
202821, 0
202876, 0
202907, 0
202926, 0
203070, 0
203130, 0
203327, 0
203332, 0
203354, 0
203356, 0
203380, 0
203446, 0
203718, 0
204128, 0
204154, 0
204162, 0
204292, 0
204348, 0
204417, 0
204608, 0
204785, 0
204956, 0
204978, 0
205046, 0
205232, 0
205252, 0
205341, 0
205350, 0
205402, 0
205404, 0
205513, 0
205521, 0
205799, 0
205869, 0
206158, 0
206236, 0
206275, 0
206505, 0
206557, 0
206574, 0
206614, 0
207010, 0
207522, 0
207535, 0
207752, 0
207816, 0
207957, 0
207996, 0
208064, 0
208118, 0
208407, 0
208493, 0
208617, 0
209753, 0
209927, 0
210009, 0
210572, 0
211657, 0
211695, 0
211870, 0
211885, 0
212317, 0
212477, 0
212645, 0
212754, 0
212893, 0
213211, 0
213295, 0
213438, 0
213705, 0
213989, 0
214011, 0
214077, 0
214354, 0
214759, 0
215032, 0
215222, 0
215927, 0
216055, 0
216234, 0
216238, 0
216259, 0
216545, 0
216582, 0
216589, 0
217041, 0
217090, 0
217122, 0
217381, 0
217393, 0
217662, 0
218261, 0
218347, 0
218513, 0
218607, 0
218967, 0
219064, 0
219309, 0
219518, 0
219909, 0
220428, 0
220516, 0
220517, 0
220527, 0
220743, 0
220912, 0
221122, 0
221500, 0
221545, 0
221715, 0
221740, 0
221909, 0
221959, 0
222142, 0
222281, 0
222418, 0
222653, 0
222777, 0
223088, 0
223145, 0
223445, 0
223665, 0
223795, 0
223921, 0
224176, 0
224426, 0
224533, 0
224740, 0
224891, 0
224904, 0
224912, 0
224975, 0
225165, 0
225315, 0
225372, 0
225630, 0
225842, 0
225877, 0
225981, 0
226824, 0
227118, 0
227414, 0
227669, 0
227909, 0
228057, 0
228123, 0
228178, 0
228235, 0
228346, 0
228453, 0
228532, 0
229432, 0
229445, 0
229539, 0
229604, 0
229874, 0
230206, 0
230289, 0
230462, 0
230563, 0
230696, 0
231216, 0
231355, 0
231369, 0
231408, 0
231809, 0
232203, 0
232910, 0
233092, 0
233245, 0
234082, 0
234115, 0
234337, 0
234373, 0
234915, 0
235590, 0
235607, 0
235812, 0
236369, 0
236583, 0
237138, 0
237299, 0
237377, 0
237615, 0
237623, 0
237656, 0
238196, 0
238216, 0
238462, 0
238546, 0
238600, 0
238737, 0
239032, 0
239262, 0
239265, 0
239520, 0
239678, 0
240039, 0
240187, 0
240547, 0
240599, 0
240616, 0
240848, 0
240883, 0
240909, 0
241190, 0
241468, 0
241704, 0
241747, 0
242029, 0
242236, 0
242337, 0
242958, 0
243067, 0
243075, 0
243338, 0
243613, 0
243926, 0
244118, 0
244380, 0
244444, 0
244521, 0
244576, 0
244721, 0
245016, 0
245026, 0
245694, 0
245961, 0
246113, 0
246159, 0
246620, 0
246624, 0
246687, 0
246835, 0
247304, 0
247331, 0
247345, 0
247381, 0
247671, 0
247747, 0
247795, 0
247848, 0
248030, 0
248050, 0
248154, 0
248222, 0
248310, 0
248322, 0
248324, 0
248325, 0
248484, 0
248903, 0
249070, 0
249142, 0
249235, 0
249322, 0
249414, 0
249481, 0
249598, 0
249622, 0
249691, 0
250133, 0
250195, 0
251014, 0
251043, 0
251077, 0
251252, 0
251366, 0
251536, 0
251567, 0
251574, 0
251633, 0
251826, 0
252270, 0
252329, 0
252331, 0
252663, 0
252693, 0
253072, 0
253462, 0
253775, 0
253847, 0
254295, 0
254308, 0
254680, 0
254724, 0
254774, 0
254804, 0
254824, 0
255194, 0
255284, 0
255560, 0
255576, 0
255605, 0
256076, 0
256176, 0
256215, 0
256296, 0
256371, 0
256570, 0
256602, 0
257077, 0
257110, 0
257169, 0
257233, 0
257239, 0
257335, 0
257442, 0
257604, 0
257679, 0
258029, 0
258123, 0
258463, 0
258645, 0
258833, 0
258927, 0
259057, 0
259098, 0
259421, 0
259433, 0
259474, 0
259480, 0
259529, 0
259777, 0
259993, 0
260295, 0
260660, 0
260687, 0
260734, 0
260754, 0
260797, 0
261252, 0
261492, 0
261905, 0
262069, 0
262105, 0
262175, 0
262361, 0
262499, 0
262708, 0
262722, 0
262802, 0
262840, 0
263400, 0
263452, 0
263749, 0
264121, 0
264280, 0
264308, 0
264414, 0
264457, 0
264485, 0
264680, 0
264767, 0
265349, 0
265474, 0
265543, 0
265701, 0
265796, 0
265854, 0
265858, 0
265914, 0
266105, 0
266469, 0
266497, 0
267031, 0
267103, 0
267116, 0
267174, 0
267175, 0
267292, 0
267599, 0
267735, 0
267747, 0
268089, 0
268115, 0
268181, 0
268190, 0
268210, 0
268371, 0
268475, 0
268533, 0
268554, 0
268810, 0
268937, 0
268988, 0
269206, 0
269384, 0
269473, 0
269607, 0
269682, 0
269699, 0
270047, 0
270410, 0
270451, 0
270745, 0
270783, 0
271063, 0
271153, 0
271188, 0
271643, 0
271905, 0
272362, 0
272463, 0
272513, 0
272541, 0
272782, 0
273295, 0
273452, 0
273854, 0
273898, 0
274086, 0
274157, 0
274188, 0
274392, 0
274501, 0
274514, 0
274802, 0
274964, 0
275064, 0
275115, 0
275269, 0
275401, 0
275574, 0
275780, 0
275888, 0
275960, 0
275973, 0
276113, 0
276537, 0
276564, 0
276806, 0
277162, 0
277168, 0
277287, 0
277328, 0
277360, 0
277371, 0
277629, 0
277668, 0
277681, 0
277951, 0
278095, 0
278431, 0
279113, 0
279148, 0
279577, 0
279940, 0
279969, 0
280053, 0
280165, 0
280167, 0
280541, 0
280648, 0
280672, 0
280673, 0
280725, 0
280999, 0
281021, 0
281091, 0
281111, 0
281224, 0
281258, 0
281367, 0
281403, 0
281480, 0
281776, 0
282037, 0
282208, 0
282273, 0
282541, 0
282679, 0
282720, 0
282941, 0
282984, 0
283036, 0
283046, 0
283497, 0
283694, 0
283906, 0
284063, 0
284131, 0
284185, 0
284343, 0
284352, 0
284414, 0
284631, 0
284704, 0
284732, 0
284820, 0
285169, 0
285177, 0
285203, 0
285205, 0
285281, 0
285362, 0
285371, 0
285558, 0
285577, 0
285671, 0
286051, 0
286142, 0
286279, 0
286337, 0
286402, 0
286501, 0
286827, 0
286940, 0
287015, 0
287081, 0
287122, 0
287202, 0
287398, 0
287635, 0
287671, 0
287890, 0
287937, 0
287993, 0
288189, 0
288191, 0
288365, 0
288390, 0
288396, 0
288419, 0
288491, 0
288498, 0
288688, 0
288824, 0
288857, 0
288934, 0
289198, 0
289348, 0
289497, 0
289548, 0
289593, 0
289862, 0
289972, 0
289975, 0
290000, 0
290074, 0
290140, 0
290189, 0
290399, 0
290401, 0
290418, 0
290623, 0
291077, 0
291134, 0
291331, 0
291434, 0
291653, 0
291681, 0
291796, 0
291809, 0
292041, 0
292057, 0
292278, 0
292331, 0
292410, 0
292475, 0
292813, 0
292871, 0
292875, 0
293064, 0
293253, 0
293512, 0
293527, 0
293607, 0
293905, 0
293925, 0
293999, 0
294045, 0
294287, 0
294550, 0
294715, 0
294858, 0
294915, 0
295111, 0
295544, 0
295659, 0
295676, 0
295735, 0
296103, 0
296408, 0
296495, 0
296496, 0
296756, 0
296805, 0
297232, 0
297866, 0
297978, 0
298087, 0
298207, 0
298455, 0
298842, 0
299197, 0
299558, 0
299857, 0
300469, 0
300935, 0
301149, 0
301358, 0
301802, 0
302309, 0
302312, 0
302379, 0
302542, 0
302567, 0
302829, 0
303298, 0
303372, 0
303387, 0
303697, 0
303819, 0
303865, 0
303907, 0
303941, 0
304136, 0
304211, 0
304297, 0
304320, 0
304359, 0
304550, 0
304628, 0
304747, 0
304968, 0
305822, 0
305898, 0
306212, 0
306226, 0
306276, 0
306671, 0
307042, 0
307223, 0
307240, 0
307309, 0
307488, 0
307559, 0
307983, 0
308509, 0
308637, 0
308753, 0
308812, 0
308866, 0
309222, 0
309232, 0
310052, 0
310359, 0
310390, 0
310722, 0
310809, 0
310862, 0
310901, 0
311026, 0
311207, 0
311217, 0
311863, 0
311894, 0
311933, 0
311954, 0
312102, 0
312131, 0
312516, 0
312615, 0
313187, 0
313272, 0
313321, 0
313394, 0
313413, 0
313439, 0
313456, 0
313545, 0
313614, 0
313910, 0
314026, 0
314559, 0
314749, 0
314809, 0
315025, 0
315050, 0
315191, 0
315251, 0
315588, 0
315711, 0
315829, 0
316083, 0
316144, 0
316157, 0
316306, 0
316663, 0
316673, 0
317197, 0
317255, 0
317336, 0
317781, 0
317840, 0
317965, 0
318259, 0
318500, 0
318528, 0
318565, 0
318897, 0
319098, 0
319397, 0
319770, 0
319825, 0
319890, 0
319896, 0
320061, 0
320679, 0
320690, 0
320756, 0
320790, 0
321084, 0
321203, 0
321352, 0
321860, 0
323146, 0
323260, 0
323362, 0
323499, 0
323663, 0
323670, 0
323680, 0
323689, 0
324012, 0
324032, 0
324265, 0
324556, 0
324607, 0
325057, 0
325176, 0
325189, 0
325475, 0
325480, 0
325583, 0
325640, 0
325924, 0
326311, 0
326558, 0
326581, 0
326707, 0
326751, 0
326841, 0
326981, 0
327417, 0
327472, 0
327667, 0
327938, 0
328202, 0
328673, 0
329049, 0
329229, 0
329873, 0
329951, 0
330023, 0
330061, 0
330453, 0
330487, 0
330524, 0
330808, 0
331284, 0
331315, 0
331511, 0
331526, 0
332027, 0
332235, 0
332247, 0
332347, 0
332382, 0
332387, 0
332755, 0
332941, 0
333208, 0
333294, 0
333486, 0
333558, 0
333564, 0
333631, 0
333663, 0
334287, 0
334341, 0
334494, 0
334524, 0
334604, 0
334716, 0
334725, 0
334977, 0
335109, 0
335177, 0
335239, 0
335300, 0
335527, 0
335576, 0
335752, 0
335784, 0
335804, 0
335896, 0
335934, 0
335968, 0
335972, 0
336056, 0
336075, 0
336099, 0
336159, 0
336198, 0
336206, 0
336241, 0
336320, 0
336326, 0
336484, 0
336648, 0
336699, 0
336736, 0
336912, 0
337019, 0
337165, 0
337244, 0
337351, 0
337722, 0
337759, 0
338048, 0
338329, 0
338350, 0
338531, 0
338537, 0
338550, 0
338669, 0
338676, 0
338767, 0
339047, 0
339062, 0
339064, 0
339746, 0
339749, 0
339941, 0
339964, 0
339997, 0
340194, 0
340275, 0
340341, 0
340552, 0
340662, 0
341247, 0
341252, 0
341358, 0
341446, 0
342003, 0
342529, 0
342826, 0
343532, 0
343827, 0
343838, 0
344047, 0
344099, 0
344121, 0
344205, 0
344223, 0
344295, 0
344470, 0
344509, 0
344530, 0
344597, 0
344654, 0
344803, 0
344851, 0
344855, 0
344924, 0
344986, 0
345249, 0
345372, 0
345410, 0
345449, 0
345763, 0
346374, 0
346388, 0
346546, 0
346621, 0
346759, 0
347163, 0
347366, 0
347940, 0
348399, 0
348796, 0
348852, 0
349176, 0
349374, 0
349420, 0
349937, 0
350483, 0
350806, 0
350864, 0
351180, 0
351683, 0
351876, 0
352403, 0
352628, 0
352801, 0
353460, 0
353488, 0
353787, 0
354035, 0
354457, 0
354555, 0
354635, 0
354671, 0
354773, 0
355034, 0
355392, 0
355482, 0
355613, 0
355676, 0
355696, 0
355723, 0
356026, 0
356175, 0
356218, 0
356227, 0
356474, 0
356517, 0
356630, 0
356933, 0
357193, 0
357371, 0
357381, 0
357657, 0
357661, 0
357699, 0
358093, 0
358723, 0
358742, 0
359127, 0
359358, 0
359428, 0
359752, 0
359795, 0
360061, 0
360123, 0
360177, 0
360331, 0
360419, 0
360517, 0
360632, 0
360783, 0
361055, 0
361273, 0
361326, 0
361914, 0
361960, 0
362115, 0
362202, 0
362351, 0
362570, 0
362749, 0
362752, 0
362818, 0
363465, 0
363539, 0
363645, 0
363799, 0
363822, 0
364094, 0
364441, 0
364506, 0
364598, 0
364610, 0
364696, 0
364723, 0
364750, 0
364804, 0
364836, 0
365089, 0
365406, 0
365462, 0
365745, 0
366145, 0
366249, 0
366833, 0
367118, 0
367335, 0
367431, 0
367694, 0
368411, 0
368794, 0
368837, 0
368871, 0
369091, 0
369230, 0
369567, 0
369702, 0
369831, 0
369922, 0
370243, 0
370258, 0
370296, 0
370303, 0
370363, 0
370445, 0
370498, 0
370657, 0
370770, 0
370805, 0
371139, 0
371355, 0
371565, 0
371732, 0
372038, 0
372417, 0
372586, 0
372645, 0
372705, 0
372777, 0
373065, 0
373194, 0
373362, 0
373546, 0
373603, 0
373737, 0
373789, 0
373937, 0
374226, 0
374497, 0
375213, 0
375249, 0
375472, 0
376241, 0
376550, 0
376631, 0
376856, 0
376894, 0
376960, 0
377053, 0
377153, 0
377256, 0
377410, 0
377607, 0
377637, 0
377659, 0
377668, 0
377724, 0
377917, 0
378009, 0
378033, 0
378576, 0
378878, 0
379333, 0
379586, 0
379617, 0
379850, 0
379857, 0
379977, 0
380182, 0
380190, 0
380365, 0
380479, 0
380693, 0
380869, 0
381031, 0
381062, 0
381076, 0
381095, 0
381100, 0
381107, 0
381245, 0
381263, 0
381488, 0
381547, 0
381700, 0
382115, 0
382228, 0
382336, 0
382530, 0
382873, 0
383111, 0
383131, 0
383135, 0
383210, 0
383595, 0
384070, 0
384175, 0
384734, 0
384823, 0
384832, 0
385034, 0
385622, 0
385665, 0
385880, 0
385928, 0
386149, 0
386837, 0
387671, 0
387845, 0
387871, 0
388648, 0
388983, 0
389011, 0
389160, 0
389190, 0
389198, 0
389324, 0
389481, 0
389816, 0
389850, 0
390087, 0
390097, 0
390100, 0
390357, 0
390363, 0
390554, 0
390703, 0
390826, 0
390956, 0
391051, 0
391160, 0
391163, 0
391229, 0
391513, 0
391636, 0
391921, 0
392078, 0
392215, 0
392591, 0
392872, 0
392999, 0
393043, 0
393377, 0
393596, 0
393684, 0
393779, 0
393813, 0
394101, 0
394811, 0
395207, 0
395235, 0
395354, 0
395478, 0
395571, 0
395820, 0
396134, 0
396366, 0
396514, 0
397160, 0
397500, 0
397646, 0
398762, 0
399123, 0
399326, 0
399621, 0
400032, 0
400758, 0
401252, 0
401300, 0
401738, 0
401850, 0
401927, 0
401981, 0
402051, 0
402180, 0
402349, 0
402456, 0
402526, 0
402701, 0
402838, 0
402845, 0
402883, 0
403051, 0
403295, 0
403347, 0
403773, 0
403797, 0
403852, 0
404349, 0
404408, 0
404479, 0
404607, 0
404706, 0
404729, 0
404842, 0
405038, 0
405073, 0
405175, 0
405241, 0
405342, 0
405538, 0
405585, 0
405779, 0
405903, 0
406012, 0
406028, 0
406058, 0
406064, 0
406065, 0
406229, 0
406511, 0
406548, 0
407327, 0
407586, 0
407601, 0
407931, 0
407980, 0
407984, 0
408007, 0
408133, 0
408333, 0
408368, 0
408801, 0
409178, 0
410004, 0
410268, 0
410298, 0
410614, 0
410716, 0
410739, 0
410856, 0
411111, 0
411154, 0
411546, 0
411889, 0
412085, 0
412535, 0
412543, 0
412625, 0
412639, 0
412852, 0
412882, 0
413529, 0
413698, 0
413951, 0
414124, 0
414218, 0
414356, 0
414555, 0
414694, 0
414758, 0
414960, 0
415038, 0
415256, 0
415304, 0
415350, 0
415412, 0
415442, 0
415541, 0
415599, 0
415605, 0
415810, 0
415973, 0
416004, 0
416009, 0
416026, 0
416346, 0
416429, 0
416567, 0
416633, 0
416657, 0
417136, 0
417335, 0
417423, 0
417424, 0
417702, 0
417749, 0
417810, 0
417914, 0
418044, 0
418200, 0
418601, 0
418734, 0
418762, 0
418790, 0
418849, 0
418873, 0
418898, 0
418900, 0
419022, 0
419439, 0
419561, 0
419573, 0
419692, 0
420090, 0
420105, 0
420323, 0
420765, 0
421310, 0
421492, 0
421509, 0
421571, 0
421626, 0
421869, 0
421872, 0
422061, 0
422122, 0
422236, 0
422245, 0
422257, 0
422263, 0
422275, 0
422281, 0
422475, 0
422582, 0
422623, 0
422635, 0
422938, 0
423407, 0
423491, 0
423531, 0
423535, 0
423546, 0
423581, 0
423729, 0
424070, 0
424438, 0
424507, 0
424539, 0
424676, 0
424891, 0
424986, 0
425171, 0
425213, 0
425223, 0
425233, 0
425261, 0
425270, 0
425272, 0
425393, 0
425405, 0
425471, 0
425642, 0
425661, 0
426076, 0
426092, 0
426319, 0
427098, 0
427149, 0
427272, 0
427373, 0
428119, 0
428293, 0
428425, 0
428520, 0
428585, 0
428637, 0
428753, 0
428757, 0
428833, 0
429009, 0
429013, 0
429190, 0
429353, 0
429419, 0
429461, 0
429563, 0
429577, 0
429651, 0
429665, 0
429751, 0
429756, 0
429847, 0
429857, 0
429930, 0
429961, 0
430220, 0
430258, 0
430299, 0
430507, 0
430579, 0
430580, 0
431124, 0
431151, 0
431216, 0
431224, 0
431312, 0
431555, 0
431592, 0
431892, 0
431961, 0
431992, 0
432026, 0
432105, 0
432119, 0
432355, 0
432381, 0
432571, 0
432617, 0
432686, 0
432779, 0
432799, 0
432856, 0
432997, 0
433077, 0
433094, 0
433097, 0
433323, 0
433345, 0
433421, 0
433583, 0
434088, 0
434152, 0
434161, 0
434259, 0
434279, 0
434425, 0
434579, 0
434604, 0
434790, 0
434883, 0
434959, 0
435163, 0
435307, 0
435460, 0
435498, 0
435537, 0
435793, 0
435941, 0
435966, 0
435995, 0
435999, 0
436026, 0
436219, 0
436330, 0
436433, 0
436504, 0
436838, 0
436869, 0
436907, 0
437039, 0
437800, 0
437823, 0
437986, 0
438011, 0
438190, 0
438442, 0
438657, 0
439028, 0
439373, 0
439535, 0
439612, 0
439812, 0
439927, 0
439943, 0
439985, 0
440115, 0
440119, 0
440125, 0
440258, 0
440485, 0
440665, 0
440675, 0
440756, 0
440769, 0
440839, 0
441054, 0
441083, 0
441089, 0
441242, 0
441421, 0
441455, 0
441678, 0
441760, 0
441854, 0
441927, 0
442105, 0
442270, 0
442649, 0
442960, 0
443005, 0
443033, 0
443091, 0
443095, 0
443327, 0
443699, 0
443764, 0
443842, 0
443852, 0
443998, 0
444093, 0
444169, 0
444502, 0
444592, 0
444691, 0
444738, 0
444781, 0
444898, 0
445175, 0
445214, 0
445390, 0
445408, 0
445420, 0
445444, 0
446060, 0
446086, 0
446318, 0
446321, 0
446683, 0
447099, 0
447137, 0
447477, 0
448758, 0
448765, 0
448817, 0
449017, 0
449026, 0
449161, 0
449305, 0
449307, 0
449382, 0
449506, 0
449773, 0
449844, 0
450057, 0
450399, 0
450425, 0
450449, 0
450551, 0
450581, 0
450649, 0
450839, 0
450895, 0
450907, 0
451193, 0
451322, 0
451612, 0
451712, 0
452020, 0
452348, 0
452663, 0
452782, 0
452793, 0
453009, 0
453178, 0
453448, 0
453761, 0
453806, 0
453919, 0
454042, 0
454103, 0
454775, 0
454815, 0
454905, 0
454945, 0
454951, 0
455187, 0
455389, 0
455544, 0
455560, 0
455919, 0
456008, 0
456146, 0
456327, 0
456510, 0
456595, 0
456748, 0
457123, 0
457169, 0
457235, 0
457240, 0
457309, 0
457320, 0
457363, 0
457452, 0
457604, 0
457675, 0
457771, 0
457996, 0
458023, 0
458095, 0
458096, 0
458105, 0
458268, 0
458275, 0
458375, 0
458495, 0
458605, 0
458842, 0
459302, 0
459362, 0
459371, 0
459539, 0
459654, 0
459741, 0
459785, 0
459912, 0
460058, 0
460190, 0
460626, 0
460658, 0
460716, 0
460922, 0
460925, 0
460999, 0
461008, 0
461065, 0
461237, 0
461552, 0
461674, 0
461701, 0
461976, 0
462004, 0
462059, 0
462158, 0
462170, 0
462177, 0
462180, 0
462181, 0
462439, 0
462486, 0
462729, 0
462956, 0
463008, 0
463021, 0
463070, 0
463096, 0
463175, 0
463374, 0
463426, 0
463556, 0
463569, 0
463811, 0
463928, 0
464168, 0
464403, 0
464696, 0
464698, 0
465085, 0
465255, 0
465455, 0
465656, 0
466184, 0
466312, 0
466426, 0
466483, 0
466525, 0
466672, 0
466680, 0
466896, 0
467224, 0
467235, 0
467424, 0
467441, 0
467611, 0
467909, 0
468012, 0
468052, 0
468148, 0
468152, 0
468294, 0
468762, 0
468942, 0
469170, 0
470046, 0
470434, 0
470443, 0
470686, 0
470750, 0
471249, 0
471701, 0
472184, 0
472735, 0
472893, 0
472902, 0
473060, 0
473136, 0
473292, 0
473513, 0
473628, 0
473633, 0
473648, 0
473842, 0
473999, 0
474292, 0
474391, 0
474768, 0
474894, 0
474926, 0
475122, 0
475428, 0
475552, 0
475694, 0
475695, 0
475903, 0
475919, 0
476799, 0
476840, 0
477131, 0
477294, 0
478220, 0
478400, 0
478441, 0
479051, 0
479234, 0
479675, 0
480051, 0
480896, 0
481062, 0
481446, 0
481508, 0
482315, 0
482528, 0
482695, 0
482796, 0
482968, 0
482990, 0
483367, 0
483380, 0
483442, 0
483610, 0
483761, 0
483867, 0
484008, 0
484182, 0
484288, 0
484684, 0
484686, 0
484824, 0
485450, 0
486053, 0
486754, 0
487378, 0
488202, 0
488750, 0
489077, 0
489494, 0
489545, 0
489661, 0
490110, 0
490218, 0
490663, 0
491206, 0
491439, 0
491460, 0
491469, 0
491516, 0
491555, 0
491584, 0
492012, 0
492441, 0
492443, 0
492605, 0
492671, 0
492729, 0
492997, 0
493413, 0
493427, 0
493614, 0
493739, 0
493914, 0
494032, 0
494064, 0
494253, 0
494513, 0
494737, 0
494939, 0
494946, 0
495046, 0
495069, 0
495097, 0
495150, 0
495151, 0
495611, 0
495638, 0
495889, 0
496368, 0
496507, 0
496545, 0
496579, 0
496773, 0
496872, 0
496947, 0
497088, 0
497222, 0
497498, 0
497561, 0
497573, 0
497831, 0
498062, 0
498149, 0
498508, 0
498773, 0
498853, 0
498860, 0
499199, 0
499314, 0
499674, 0
499746, 0
499892, 0
499987, 0
500067, 0
500290, 0
500310, 0
500439, 0
500674, 0
500877, 0
500939, 0
501029, 0
501114, 0
501153, 0
501209, 0
501238, 0
501655, 0
502102, 0
502172, 0
502189, 0
502217, 0
502436, 0
502599, 0
502654, 0
502922, 0
502927, 0
502952, 0
503536, 0
503625, 0
503722, 0
503993, 0
504042, 0
504700, 0
504772, 0
504802, 0
504807, 0
505150, 0
505606, 0
505726, 0
505817, 0
506000, 0
506169, 0
506491, 0
506746, 0
506758, 0
507003, 0
507061, 0
507124, 0
507299, 0
507495, 0
507539, 0
507669, 0
507824, 0
507883, 0
507913, 0
507988, 0
508791, 0
509006, 0
509106, 0
509439, 0
509813, 0
509817, 0
509883, 0
509915, 0
509964, 0
509970, 0
509987, 0
510181, 0
510230, 0
510386, 0
510583, 0
510759, 0
511251, 0
511309, 0
511404, 0
511467, 0
511603, 0
511651, 0
511745, 0
511769, 0
512525, 0
513198, 0
513315, 0
513512, 0
513546, 0
513587, 0
513917, 0
514101, 0
514242, 0
515702, 0
515859, 0
516000, 0
516248, 0
516274, 0
516437, 0
516452, 0
516718, 0
516877, 0
517164, 0
517390, 0
517399, 0
517440, 0
517523, 0
517568, 0
518205, 0
518263, 0
518441, 0
518553, 0
518588, 0
518775, 0
518852, 0
518970, 0
519245, 0
519381, 0
519550, 0
519879, 0
519918, 0
520180, 0
520252, 0
520635, 0
521324, 0
521666, 0
521711, 0
522131, 0
522410, 0
522707, 0
522756, 0
523110, 0
523413, 0
523546, 0
523860, 0
524022, 0
524086, 0
524539, 0
524794, 0
525775, 0
525789, 0
526301, 0
526460, 0
526574, 0
526753, 0
526843, 0
526879, 0
526898, 0
527142, 0
527150, 0
527226, 0
527684, 0
527807, 0
527835, 0
527864, 0
527903, 0
528359, 0
528588, 0
528736, 0
528821, 0
528919, 0
529127, 0
529136, 0
529204, 0
529415, 0
529487, 0
529509, 0
529626, 0
529627, 0
529633, 0
529717, 0
529719, 0
529874, 0
529946, 0
530040, 0
530183, 0
530226, 0
530354, 0
530471, 0
530549, 0
530729, 0
530730, 0
530731, 0
530804, 0
530954, 0
531061, 0
531159, 0
531506, 0
531512, 0
531559, 0
531585, 0
531611, 0
531732, 0
531777, 0
531930, 0
532016, 0
532196, 0
532500, 0
532702, 0
532761, 0
533238, 0
533887, 0
534276, 0
534333, 0
534502, 0
534751, 0
534940, 0
534988, 0
535027, 0
535058, 0
535188, 0
535200, 0
535219, 0
535222, 0
535330, 0
535331, 0
535339, 0
535359, 0
535576, 0
535608, 0
535932, 0
536061, 0
536208, 0
536209, 0
536216, 0
536238, 0
536365, 0
536785, 0
537239, 0
537469, 0
537481, 0
537607, 0
537967, 0
538191, 0
539101, 0
539154, 0
539273, 0
539292, 0
539309, 0
539505, 0
539509, 0
539542, 0
539620, 0
539657, 0
539681, 0
539764, 0
539792, 0
539881, 0
539908, 0
540004, 0
540012, 0
540045, 0
540265, 0
540365, 0
540477, 0
540604, 0
540781, 0
541022, 0
541025, 0
541218, 0
541419, 0
541667, 0
541799, 0
541882, 0
541896, 0
542038, 0
542171, 0
542351, 0
542542, 0
542845, 0
542899, 0
542980, 0
543037, 0
543146, 0
543153, 0
543163, 0
543198, 0
543297, 0
543647, 0
543661, 0
543706, 0
543732, 0
543790, 0
543801, 0
543893, 0
543955, 0
543986, 0
544601, 0
544608, 0
544621, 0
544768, 0
544838, 0
544965, 0
545077, 0
545133, 0
545275, 0
545302, 0
545455, 0
545478, 0
545858, 0
546209, 0
546356, 0
547053, 0
547148, 0
547180, 0
547527, 0
547543, 0
547636, 0
547644, 0
547645, 0
547654, 0
547693, 0
547909, 0
547944, 0
547987, 0
548174, 0
548369, 0
548387, 0
548890, 0
548958, 0
549294, 0
550318, 0
550357, 0
550364, 0
550451, 0
550522, 0
550590, 0
550989, 0
551213, 0
551228, 0
552117, 0
552154, 0
552163, 0
552189, 0
552209, 0
552562, 0
552835, 0
552860, 0
553053, 0
553423, 0
553442, 0
553499, 0
553590, 0
553640, 0
553905, 0
554121, 0
554283, 0
554309, 0
554336, 0
554408, 0
554696, 0
555121, 0
555496, 0
555639, 0
555786, 0
555892, 0
556066, 0
556154, 0
556169, 0
556680, 0
556953, 0
557144, 0
557219, 0
557436, 0
557732, 0
557846, 0
558027, 0
558045, 0
558180, 0
558576, 0
558597, 0
558784, 0
559023, 0
559099, 0
559194, 0
559260, 0
559289, 0
559312, 0
559490, 0
559634, 0
559903, 0
560010, 0
560097, 0
560798, 0
561036, 0
561158, 0
561391, 0
561751, 0
561757, 0
562059, 0
562140, 0
562186, 0
562242, 0
562244, 0
562320, 0
562525, 0
563546, 0
563579, 0
563626, 0
563908, 0
564016, 0
564131, 0
564219, 0
564245, 0
564626, 0
564639, 0
564802, 0
564996, 0
565054, 0
565060, 0
565084, 0
565213, 0
565311, 0
565705, 0
565821, 0
566102, 0
566344, 0
566360, 0
566792, 0
567022, 0
567087, 0
567558, 0
567673, 0
567895, 0
567918, 0
568020, 0
568081, 0
568175, 0
568273, 0
568356, 0
568365, 0
568387, 0
568464, 0
568465, 0
568577, 0
569434, 0
569792, 0
570753, 0
571006, 0
571128, 0
571419, 0
571961, 0
572296, 0
572584, 0
572729, 0
573005, 0
573029, 0
573153, 0
573276, 0
573432, 0
573439, 0
573509, 0
573579, 0
574006, 0
574039, 0
574095, 0
574109, 0
574213, 0
574443, 0
574542, 0
574821, 0
574831, 0
574926, 0
575060, 0
575085, 0
575098, 0
575587, 0
575692, 0
576049, 0
576269, 0
577176, 0
577543, 0
577561, 0
577748, 0
577965, 0
578094, 0
578211, 0
578370, 0
579022, 0
579070, 0
579451, 0
579557, 0
579781, 0
579859, 0
580244, 0
580539, 0
580543, 0
581129, 0
581351, 0
581384, 0
581511, 0
581706, 0
581828, 0
582270, 0
582311, 0
582518, 0
582652, 0
583138, 0
583164, 0
583630, 0
583828, 0
584150, 0
584195, 0
584283, 0
584420, 0
584446, 0
584482, 0
584541, 0
584598, 0
584611, 0
584659, 0
584668, 0
584997, 0
585080, 0
585202, 0
585371, 0
585625, 0
585727, 0
585958, 0
586070, 0
586099, 0
586193, 0
586203, 0
586440, 0
586573, 0
586632, 0
586649, 0
586833, 0
586844, 0
586936, 0
587385, 0
587436, 0
587491, 0
587688, 0
587709, 0
587900, 0
588390, 0
588876, 0
588902, 0
588971, 0
588977, 0
589165, 0
589220, 0
589408, 0
589600, 0
589915, 0
590101, 0
590125, 0
590149, 0
590247, 0
590413, 0
590535, 0
590610, 0
590782, 0
590960, 0
590978, 0
591641, 0
591750, 0
591842, 0
591856, 0
592004, 0
592161, 0
592209, 0
592231, 0
592263, 0
592583, 0
592622, 0
592651, 0
592779, 0
593274, 0
593327, 0
593344, 0
593438, 0
593480, 0
593605, 0
593619, 0
593682, 0
593801, 0
594375, 0
594521, 0
594683, 0
594725, 0
594754, 0
594798, 0
594816, 0
594948, 0
595253, 0
595375, 0
595798, 0
595826, 0
596366, 0
596816, 0
596833, 0
597085, 0
597583, 0
597645, 0
597914, 0
598206, 0
598455, 0
598637, 0
598794, 0
599000, 0
599078, 0
599240, 0
599275, 0
599812, 0
599930, 0
600405, 0
600576, 0
600728, 0
600992, 0
601185, 0
601219, 0
601226, 0
601248, 0
601299, 0
601372, 0
601408, 0
601420, 0
601678, 0
601740, 0
601783, 0
602075, 0
602107, 0
602168, 0
602590, 0
602601, 0
602606, 0
602962, 0
603073, 0
603161, 0
603332, 0
603651, 0
603722, 0
603905, 0
604146, 0
604374, 0
604661, 0
604706, 0
604911, 0
604922, 0
605056, 0
605327, 0
605423, 0
606083, 0
606175, 0
606322, 0
606400, 0
606408, 0
606647, 0
606667, 0
606867, 0
607036, 0
607089, 0
607102, 0
607131, 0
607225, 0
607607, 0
607927, 0
607960, 0
608068, 0
608074, 0
608580, 0
608585, 0
608692, 0
608698, 0
608726, 0
608956, 0
609119, 0
609196, 0
609258, 0
609320, 0
609364, 0
609894, 0
610227, 0
610318, 0
610345, 0
610375, 0
610529, 0
610559, 0
610766, 0
611028, 0
611190, 0
611483, 0
611801, 0
611815, 0
611825, 0
611973, 0
612161, 0
612226, 0
612252, 0
612325, 0
612416, 0
612598, 0
612652, 0
612806, 0
612987, 0
613555, 0
613568, 0
613684, 0
614071, 0
614086, 0
614490, 0
614536, 0
614582, 0
614701, 0
614720, 0
615025, 0
615441, 0
615569, 0
615664, 0
616209, 0
616282, 0
616547, 0
616566, 0
616757, 0
617096, 0
617157, 0
617174, 0
617272, 0
617293, 0
617326, 0
617575, 0
618184, 0
618591, 0
618818, 0
618877, 0
618952, 0
619240, 0
619338, 0
619400, 0
619497, 0
619500, 0
619732, 0
619738, 0
620132, 0
620181, 0
620199, 0
620355, 0
620356, 0
620431, 0
620700, 0
620701, 0
620871, 0
621341, 0
621537, 0
621556, 0
621764, 0
622229, 0
622328, 0
622468, 0
623787, 0
624352, 0
624378, 0
624434, 0
624464, 0
624662, 0
624679, 0
624719, 0
624914, 0
624952, 0
625353, 0
625391, 0
625455, 0
625667, 0
626152, 0
626217, 0
626590, 0
626688, 0
626712, 0
626817, 0
626818, 0
627178, 0
627593, 0
627724, 0
628055, 0
628352, 0
628566, 0
628598, 0
629811, 0
629913, 0
630981, 0
630995, 0
631096, 0
631417, 0
631457, 0
631500, 0
631849, 0
632309, 0
632482, 0
632584, 0
632592, 0
632670, 0
632822, 0
633054, 0
633106, 0
633244, 0
633401, 0
633555, 0
633645, 0
633739, 0
634477, 0
634565, 0
634625, 0
634631, 0
634694, 0
634953, 0
635190, 0
635251, 0
635256, 0
635416, 0
635510, 0
635570, 0
635773, 0
636002, 0
636339, 0
636376, 0
636419, 0
636555, 0
636681, 0
636786, 0
636902, 0
637173, 0
637437, 0
637649, 0
637773, 0
637892, 0
637983, 0
638055, 0
638086, 0
638161, 0
638287, 0
638364, 0
638387, 0
638806, 0
638852, 0
638910, 0
639084, 0
639265, 0
639378, 0
639550, 0
639887, 0
639985, 0
640001, 0
640234, 0
640416, 0
641124, 0
641264, 0
641313, 0
641329, 0
641570, 0
641709, 0
641735, 0
641811, 0
641837, 0
642566, 0
643008, 0
643300, 0
643879, 0
643935, 0
644050, 0
644128, 0
644228, 0
644301, 0
644532, 0
644814, 0
645285, 0
646420, 0
646421, 0
646584, 0
646643, 0
647505, 0
648077, 0
648142, 0
648472, 0
648832, 0
649132, 0
649169, 0
649282, 0
649286, 0
649471, 0
649560, 0
649689, 0
649727, 0
649799, 0
650411, 0
650476, 0
650554, 0
651121, 0
651145, 0
651303, 0
651364, 0
651501, 0
651608, 0
651900, 0
651997, 0
652039, 0
652044, 0
652453, 0
652643, 0
652841, 0
653042, 0
653156, 0
653246, 0
653423, 0
653429, 0
653465, 0
653591, 0
653673, 0
654197, 0
654225, 0
654277, 0
654520, 0
654654, 0
654935, 0
655003, 0
655030, 0
655171, 0
655265, 0
655290, 0
655582, 0
656055, 0
656162, 0
656222, 0
656245, 0
656630, 0
656715, 0
656720, 0
656757, 0
656821, 0
656894, 0
657483, 0
657595, 0
657615, 0
657833, 0
658563, 0
658594, 0
658650, 0
658914, 0
659055, 0
659124, 0
659221, 0
659352, 0
659411, 0
659600, 0
659682, 0
659719, 0
659894, 0
659896, 0
659918, 0
660038, 0
660122, 0
660312, 0
660422, 0
660501, 0
661075, 0
661158, 0
661231, 0
661271, 0
661350, 0
661363, 0
661554, 0
661706, 0
661707, 0
661920, 0
661987, 0
662125, 0
662281, 0
662354, 0
662455, 0
662573, 0
662574, 0
662590, 0
662782, 0
662849, 0
662883, 0
663040, 0
663113, 0
663191, 0
663193, 0
663251, 0
663307, 0
663429, 0
663576, 0
663579, 0
663631, 0
663685, 0
663986, 0
664024, 0
664077, 0
664247, 0
664276, 0
664525, 0
664849, 0
664894, 0
664943, 0
665123, 0
665234, 0
665237, 0
665238, 0
665324, 0
665674, 0
665700, 0
665726, 0
665762, 0
665840, 0
665842, 0
665994, 0
666074, 0
666093, 0
666178, 0
666264, 0
666313, 0
666337, 0
666450, 0
666542, 0
666623, 0
666870, 0
667015, 0
667073, 0
667132, 0
667175, 0
667292, 0
667436, 0
667471, 0
667474, 0
667486, 0
667511, 0
667608, 0
667630, 0
667664, 0
667870, 0
667917, 0
668008, 0
668021, 0
668380, 0
668506, 0
668538, 0
668666, 0
668841, 0
668904, 0
669034, 0
669035, 0
669247, 0
669307, 0
669311, 0
669451, 0
669568, 0
669963, 0
670017, 0
670138, 0
670580, 0
670615, 0
670672, 0
671033, 0
671034, 0
671218, 0
671296, 0
671476, 0
671515, 0
671517, 0
671639, 0
671660, 0
671865, 0
671880, 0
671959, 0
672000, 0
672125, 0
672184, 0
672233, 0
672255, 0
672312, 0
672505, 0
672610, 0
672626, 0
672922, 0
672975, 0
673036, 0
673308, 0
673365, 0
673566, 0
673684, 0
673843, 0
673871, 0
674222, 0
674276, 0
674294, 0
674575, 0
674653, 0
674899, 0
674915, 0
675062, 0
675170, 0
675607, 0
675619, 0
675671, 0
675845, 0
675985, 0
676214, 0
676217, 0
676340, 0
676487, 0
676631, 0
676662, 0
676677, 0
676838, 0
676880, 0
676942, 0
676979, 0
677191, 0
677229, 0
677464, 0
677465, 0
677657, 0
677858, 0
677923, 0
678028, 0
678178, 0
678232, 0
678607, 0
678632, 0
678661, 0
679030, 0
679057, 0
679198, 0
679313, 0
679615, 0
679820, 0
680078, 0
680275, 0
680298, 0
680434, 0
680461, 0
680478, 0
680489, 0
680496, 0
680636, 0
680646, 0
681287, 0
681333, 0
681431, 0
681502, 0
681894, 0
682459, 0
682835, 0
682933, 0
682950, 0
682959, 0
683322, 0
683428, 0
683505, 0
683521, 0
683774, 0
683973, 0
684167, 0
684249, 0
684323, 0
684399, 0
684551, 0
684606, 0
684652, 0
684724, 0
684731, 0
684806, 0
684838, 0
684928, 0
685025, 0
685097, 0
685101, 0
685211, 0
685321, 0
685349, 0
685368, 0
685481, 0
685494, 0
685842, 0
685847, 0
685951, 0
686328, 0
686667, 0
686682, 0
686715, 0
687102, 0
687232, 0
687322, 0
687607, 0
687661, 0
687735, 0
687771, 0
687786, 0
687906, 0
687992, 0
688136, 0
688497, 0
688574, 0
688789, 0
688799, 0
688817, 0
689036, 0
689233, 0
689335, 0
689739, 0
689796, 0
689912, 0
689944, 0
690009, 0
690149, 0
690528, 0
690744, 0
690784, 0
690869, 0
691003, 0
691082, 0
691121, 0
691180, 0
691893, 0
691992, 0
692028, 0
692158, 0
692317, 0
692318, 0
692422, 0
692448, 0
692483, 0
692504, 0
692529, 0
692630, 0
692698, 0
692817, 0
693299, 0
693649, 0
693793, 0
693889, 0
694114, 0
694492, 0
694579, 0
694835, 0
695007, 0
695170, 0
695255, 0
695564, 0
695612, 0
695613, 0
696058, 0
696073, 0
696169, 0
696612, 0
696635, 0
697403, 0
697560, 0
697771, 0
697791, 0
698111, 0
698163, 0
698412, 0
698419, 0
698485, 0
698628, 0
699029, 0
699147, 0
699256, 0
699272, 0
699502, 0
699503, 0
699747, 0
699932, 0
700007, 0
700399, 0
700478, 0
700575, 0
700653, 0
700866, 0
701007, 0
701693, 0
701727, 0
701775, 0
701799, 0
701918, 0
702108, 0
702204, 0
702310, 0
702312, 0
702319, 0
702679, 0
702939, 0
703142, 0
703244, 0
703477, 0
703992, 0
704027, 0
704104, 0
704182, 0
704186, 0
704289, 0
704358, 0
704407, 0
704474, 0
704531, 0
704852, 0
704999, 0
705012, 0
705639, 0
705673, 0
705696, 0
705789, 0
705795, 0
706030, 0
706035, 0
706059, 0
706145, 0
706149, 0
706399, 0
706409, 0
706573, 0
706678, 0
707031, 0
707181, 0
707315, 0
707754, 0
707757, 0
707825, 0
707872, 0
707882, 0
708216, 0
708610, 0
708660, 0
708815, 0
709855, 0
710091, 0
710146, 0
710531, 0
710576, 0
710647, 0
710664, 0
710714, 0
710896, 0
710915, 0
711120, 0
711584, 0
711731, 0
711775, 0
711911, 0
712048, 0
712194, 0
712288, 0
712434, 0
712837, 0
713617, 0
713716, 0
713757, 0
713833, 0
714062, 0
714222, 0
714362, 0
714503, 0
714646, 0
714799, 0
714814, 0
714892, 0
715087, 0
715314, 0
715513, 0
715667, 0
716334, 0
716506, 0
716564, 0
716566, 0
716580, 0
716949, 0
717109, 0
717180, 0
717363, 0
717426, 0
717476, 0
717484, 0
717557, 0
718513, 0
718599, 0
719102, 0
719666, 0
719775, 0
719861, 0
719944, 0
719945, 0
719976, 0
720147, 0
720200, 0
720331, 0
720503, 0
720520, 0
720564, 0
720614, 0
720783, 0
721116, 0
721455, 0
721532, 0
721546, 0
721771, 0
722008, 0
722188, 0
722714, 0
722908, 0
722960, 0
722995, 0
723073, 0
723124, 0
723940, 0
724015, 0
724108, 0
724137, 0
724172, 0
724296, 0
724378, 0
724484, 0
724633, 0
724704, 0
724754, 0
724835, 0
724902, 0
724917, 0
725071, 0
725199, 0
725264, 0
725279, 0
725312, 0
725389, 0
725793, 0
725841, 0
725915, 0
725950, 0
726198, 0
726280, 0
726336, 0
726394, 0
726444, 0
726571, 0
726730, 0
727323, 0
727426, 0
727481, 0
727846, 0
728266, 0
728284, 0
728648, 0
728733, 0
728900, 0
729047, 0
729317, 0
729321, 0
729488, 0
729610, 0
729735, 0
729768, 0
729877, 0
729912, 0
729987, 0
730210, 0
730255, 0
730294, 0
730396, 0
730477, 0
730557, 0
730625, 0
731057, 0
731264, 0
731272, 0
731430, 0
731573, 0
732254, 0
732272, 0
732286, 0
732389, 0
732804, 0
732822, 0
732887, 0
732980, 0
733957, 0
734202, 0
734299, 0
734510, 0
734730, 0
734772, 0
734816, 0
735235, 0
735605, 0
736065, 0
736068, 0
736796, 0
736911, 0
736978, 0
737095, 0
737103, 0
737146, 0
738063, 0
738198, 0
738217, 0
738315, 0
738405, 0
738541, 0
738780, 0
738848, 0
738997, 0
739061, 0
739119, 0
739190, 0
739257, 0
739382, 0
739391, 0
739514, 0
739911, 0
739917, 0
740167, 0
740174, 0
740182, 0
740246, 0
740354, 0
740689, 0
740692, 0
740985, 0
741205, 0
741519, 0
741777, 0
741852, 0
741948, 0
742056, 0
742453, 0
742545, 0
742874, 0
742887, 0
743041, 0
743115, 0
743123, 0
743181, 0
743210, 0
743341, 0
743418, 0
743500, 0
743892, 0
743988, 0
744151, 0
744199, 0
744249, 0
744492, 0
744674, 0
744728, 0
744799, 0
744871, 0
744884, 0
744908, 0
745176, 0
745389, 0
745572, 0
746330, 0
746546, 0
746670, 0
746908, 0
747263, 0
747359, 0
747452, 0
747646, 0
747733, 0
747981, 0
748010, 0
748064, 0
748080, 0
748093, 0
748095, 0
748315, 0
748549, 0
748656, 0
748913, 0
749176, 0
749590, 0
749648, 0
749710, 0
749853, 0
749877, 0
749896, 0
750400, 0
750483, 0
750643, 0
750825, 0
751003, 0
751020, 0
751393, 0
751409, 0
752081, 0
752160, 0
752964, 0
753198, 0
753411, 0
753958, 0
754313, 0
754447, 0
754534, 0
754815, 0
754821, 0
754848, 0
754869, 0
755054, 0
755095, 0
755149, 0
755400, 0
755488, 0
755532, 0
755685, 0
755708, 0
756101, 0
756935, 0
757073, 0
757123, 0
757274, 0
757800, 0
757830, 0
757890, 0
758185, 0
758235, 0
758488, 0
759761, 0
760173, 0
760201, 0
760405, 0
760426, 0
760564, 0
760595, 0
760646, 0
761073, 0
761186, 0
761291, 0
761368, 0
761735, 0
762261, 0
762368, 0
763132, 0
763229, 0
763483, 0
763501, 0
763924, 0
763965, 0
764222, 0
764282, 0
764536, 0
764594, 0
764634, 0
764687, 0
764698, 0
764817, 0
764828, 0
764850, 0
764898, 0
764934, 0
764957, 0
765031, 0
765266, 0
765567, 0
765647, 0
765668, 0
765906, 0
765956, 0
766353, 0
766976, 0
767154, 0
767211, 0
767251, 0
767320, 0
767858, 0
767951, 0
768219, 0
768717, 0
768851, 0
768855, 0
769656, 0
769661, 0
769780, 0
769831, 0
769894, 0
770027, 0
770034, 0
770341, 0
770508, 0
770744, 0
770844, 0
770912, 0
770943, 0
770950, 0
771427, 0
771507, 0
771517, 0
771730, 0
771964, 0
772341, 0
772522, 0
772607, 0
772653, 0
772693, 0
772804, 0
772837, 0
773277, 0
773346, 0
773548, 0
773587, 0
773629, 0
774060, 0
774649, 0
774757, 0
774911, 0
775015, 0
775125, 0
775214, 0
775220, 0
775820, 0
775900, 0
776038, 0
776279, 0
776318, 0
776402, 0
776411, 0
776443, 0
776453, 0
776494, 0
776686, 0
776792, 0
776991, 0
777174, 0
777406, 0
777497, 0
777550, 0
777606, 0
777721, 0
777745, 0
777773, 0
777822, 0
777876, 0
778138, 0
778580, 0
778622, 0
778683, 0
778849, 0
779246, 0
779558, 0
779706, 0
779764, 0
779798, 0
779870, 0
779884, 0
779906, 0
779913, 0
780015, 0
780117, 0
780197, 0
780317, 0
780544, 0
780612, 0
780966, 0
781184, 0
781274, 0
781310, 0
781374, 0
781525, 0
781542, 0
781606, 0
782404, 0
782493, 0
782501, 0
782514, 0
782644, 0
782856, 0
782964, 0
783006, 0
783096, 0
783410, 0
783487, 0
783965, 0
784008, 0
784609, 0
784625, 0
784741, 0
784909, 0
784943, 0
785034, 0
785133, 0
785472, 0
785671, 0
785685, 0
785769, 0
785993, 0
786097, 0
786549, 0
786670, 0
786681, 0
787121, 0
787627, 0
788127, 0
788218, 0
788415, 0
788778, 0
788950, 0
789291, 0
789309, 0
789927, 0
789937, 0
790520, 0
790566, 0
790689, 0
790852, 0
791022, 0
791439, 0
792248, 0
792338, 0
792493, 0
792774, 0
792812, 0
793350, 0
793420, 0
793583, 0
793644, 0
793811, 0
793958, 0
794607, 0
794962, 0
795186, 0
795388, 0
795389, 0
795594, 0
795703, 0
796046, 0
796186, 0
796244, 0
796602, 0
796789, 0
796790, 0
797190, 0
797317, 0
797865, 0
797920, 0
797934, 0
797990, 0
798481, 0
798484, 0
798785, 0
798874, 0
799375, 0
799619, 0
799959, 0
800024, 0
800066, 0
800383, 0
800552, 0
800852, 0
801293, 0
801951, 0
801967, 0
802010, 0
802098, 0
802208, 0
802245, 0
802262, 0
802358, 0
802543, 0
802771, 0
803569, 0
803597, 0
803760, 0
803885, 0
804113, 0
804114, 0
804148, 0
804534, 0
804805, 0
804855, 0
804889, 0
804947, 0
805080, 0
805190, 0
805221, 0
805244, 0
805253, 0
805340, 0
805342, 0
805530, 0
805548, 0
805638, 0
805904, 0
806013, 0
806160, 0
806163, 0
806334, 0
807172, 0
807194, 0
807386, 0
807477, 0
808046, 0
808049, 0
808067, 0
808239, 0
808338, 0
808346, 0
808410, 0
808453, 0
808479, 0
808581, 0
808814, 0
809112, 0
809129, 0
809233, 0
809296, 0
809329, 0
809472, 0
809612, 0
809727, 0
809767, 0
809779, 0
809911, 0
809998, 0
810063, 0
810180, 0
810214, 0
810284, 0
810363, 0
810365, 0
810435, 0
810447, 0
810530, 0
810626, 0
810851, 0
810940, 0
810951, 0
811233, 0
811255, 0
811493, 0
811635, 0
811730, 0
811793, 0
811898, 0
812034, 0
812042, 0
812269, 0
812374, 0
812841, 0
813226, 0
813381, 0
813618, 0
814040, 0
814370, 0
814480, 0
814741, 0
815304, 0
815346, 0
815460, 0
815636, 0
815688, 0
815826, 0
816647, 0
816927, 0
816981, 0
817380, 0
817427, 0
817579, 0
817718, 0
818302, 0
818964, 0
819263, 0
819909, 0
819974, 0
820335, 0
820769, 0
821077, 0
821257, 0
821260, 0
821343, 0
821683, 0
821891, 0
822718, 0
822804, 0
823588, 0
824275, 0
824318, 0
824361, 0
824379, 0
824415, 0
824459, 0
824810, 0
825387, 0
825697, 0
825761, 0
825779, 0
826099, 0
826326, 0
826725, 0
826747, 0
826864, 0
827259, 0
827324, 0
827562, 0
827781, 0
827942, 0
827951, 0
828418, 0
829690, 0
829751, 0
829966, 0
830226, 0
830254, 0
830575, 0
830770, 0
830943, 0
831316, 0
831391, 0
831480, 0
832347, 0
832379, 0
832392, 0
832655, 0
833080, 0
833278, 0
833368, 0
833882, 0
834152, 0
834179, 0
834477, 0
834662, 0
835033, 0
835317, 0
835390, 0
836005, 0
836299, 0
836791, 0
836861, 0
837010, 0
837202, 0
837304, 0
837353, 0
837490, 0
837585, 0
837852, 0
838397, 0
838655, 0
838955, 0
838969, 0
839152, 0
839197, 0
839425, 0
839681, 0
839890, 0
840287, 0
840303, 0
840441, 0
840533, 0
840541, 0
840563, 0
840684, 0
841017, 0
841759, 0
841844, 0
842042, 0
842135, 0
842600, 0
842966, 0
843246, 0
843485, 0
843572, 0
843578, 0
843996, 0
844041, 0
844511, 0
844946, 0
845303, 0
845592, 0
845663, 0
845749, 0
846064, 0
846084, 0
846176, 0
846505, 0
846545, 0
846807, 0
846915, 0
847093, 0
847144, 0
847187, 0
847605, 0
847992, 0
848326, 0
848392, 0
848394, 0
848433, 0
848494, 0
848677, 0
848976, 0
849097, 0
849767, 0
849867, 0
850014, 0
850090, 0
850213, 0
850382, 0
850787, 0
850804, 0
850831, 0
851039, 0
851171, 0
851219, 0
851250, 0
851304, 0
851319, 0
851852, 0
851986, 0
852284, 0
852558, 0
852898, 0
853535, 0
853627, 0
853829, 0
853868, 0
853920, 0
854233, 0
854324, 0
854351, 0
854365, 0
854530, 0
854626, 0
854641, 0
854663, 0
854798, 0
855215, 0
855233, 0
855260, 0
855406, 0
855510, 0
855662, 0
855902, 0
855940, 0
855945, 0
856019, 0
856370, 0
856438, 0
857047, 0
857317, 0
857508, 0
858361, 0
858470, 0
858531, 0
858532, 0
858543, 0
858600, 0
858607, 0
858617, 0
859266, 0
859402, 0
859482, 0
859834, 0
860151, 0
860753, 0
860765, 0
860810, 0
860983, 0
861115, 0
861128, 0
861148, 0
861159, 0
861262, 0
861289, 0
861397, 0
861459, 0
861818, 0
861877, 0
861883, 0
862001, 0
862034, 0
862285, 0
862561, 0
862760, 0
863233, 0
863470, 0
864127, 0
864268, 0
864377, 0
864386, 0
864452, 0
864456, 0
865301, 0
865333, 0
865700, 0
865836, 0
865891, 0
866021, 0
866056, 0
866203, 0
866406, 0
866723, 0
867010, 0
867063, 0
867181, 0
867268, 0
867325, 0
867475, 0
867500, 0
867612, 0
867799, 0
868049, 0
868207, 0
868275, 0
868733, 0
868815, 0
869024, 0
869221, 0
869854, 0
869874, 0
869891, 0
869934, 0
870209, 0
870570, 0
870680, 0
870693, 0
870992, 0
871073, 0
871374, 0
871516, 0
871685, 0
871746, 0
871852, 0
871876, 0
872369, 0
872386, 0
872643, 0
872669, 0
872771, 0
872845, 0
873186, 0
873526, 0
873565, 0
873593, 0
873657, 0
873983, 0
874217, 0
874417, 0
874932, 0
874988, 0
875866, 0
876324, 0
876789, 0
876791, 0
877434, 0
877873, 0
877925, 0
878460, 0
878965, 0
879056, 0
879142, 0
879225, 0
879488, 0
880236, 0
880523, 0
880679, 0
880702, 0
881050, 0
881336, 0
881689, 0
881731, 0
881897, 0
882126, 0
882183, 0
882445, 0
882518, 0
882648, 0
882676, 0
882695, 0
882920, 0
882976, 0
883110, 0
883314, 0
883398, 0
883536, 0
883713, 0
883857, 0
884997, 0
885069, 0
885459, 0
885600, 0
885611, 0
885864, 0
886229, 0
886372, 0
886427, 0
887014, 0
887484, 0
887503, 0
887575, 0
887611, 0
887792, 0
887919, 0
887990, 0
888100, 0
888167, 0
888227, 0
888356, 0
888473, 0
888496, 0
888506, 0
888628, 0
888638, 0
888737, 0
888749, 0
888899, 0
888941, 0
889135, 0
889310, 0
889580, 0
889616, 0
889802, 0
890431, 0
890505, 0
890677, 0
891249, 0
891406, 0
891797, 0
891998, 0
892112, 0
892360, 0
892649, 0
892981, 0
893186, 0
893227, 0
893711, 0
893991, 0
894093, 0
894198, 0
894251, 0
894252, 0
894380, 0
894755, 0
894758, 0
895013, 0
895163, 0
895170, 0
895820, 0
896075, 0
896308, 0
896313, 0
896350, 0
896420, 0
896493, 0
896773, 0
896927, 0
897368, 0
897406, 0
897466, 0
897553, 0
897684, 0
897865, 0
898087, 0
898135, 0
898425, 0
898782, 0
898843, 0
899190, 0
899546, 0
899795, 0
899856, 0
900374, 0
900403, 0
900876, 0
900929, 0
901286, 0
901314, 0
902226, 0
902663, 0
902942, 0
903155, 0
903304, 0
903589, 0
903642, 0
903736, 0
903826, 0
904019, 0
904125, 0
904159, 0
904295, 0
904461, 0
904600, 0
904629, 0
904719, 0
904861, 0
904878, 0
905104, 0
905149, 0
905234, 0
905535, 0
905554, 0
905786, 0
905818, 0
905921, 0
905973, 0
906404, 0
906473, 0
906779, 0
906785, 0
907050, 0
907094, 0
907118, 0
907231, 0
907316, 0
907594, 0
907677, 0
907722, 0
907970, 0
908027, 0
908438, 0
908500, 0
908543, 0
908875, 0
909137, 0
909215, 0
909479, 0
909589, 0
909647, 0
909751, 0
909968, 0
910049, 0
910289, 0
910468, 0
910495, 0
910669, 0
910893, 0
911025, 0
911103, 0
911164, 0
911486, 0
911558, 0
911618, 0
911924, 0
912555, 0
912604, 0
912672, 0
913125, 0
913154, 0
913769, 0
913844, 0
913880, 0
914180, 0
914408, 0
914511, 0
914558, 0
914584, 0
914591, 0
914964, 0
914977, 0
915110, 0
915210, 0
915320, 0
915441, 0
915502, 0
915809, 0
915832, 0
916129, 0
916344, 0
916477, 0
916483, 0
916991, 0
917089, 0
917277, 0
917346, 0
917531, 0
917848, 0
917882, 0
917925, 0
917999, 0
918014, 0
918877, 0
918892, 0
919225, 0
919266, 0
919321, 0
919332, 0
919524, 0
919665, 0
919914, 0
920063, 0
920087, 0
920212, 0
920325, 0
920590, 0
920592, 0
920827, 0
921025, 0
921032, 0
921335, 0
921408, 0
921454, 0
921905, 0
922171, 0
922472, 0
922552, 0
922787, 0
922977, 0
923123, 0
923148, 0
923231, 0
923283, 0
923306, 0
923532, 0
923870, 0
924336, 0
924471, 0
924975, 0
924987, 0
925043, 0
925055, 0
925404, 0
925435, 0
925547, 0
925703, 0
925736, 0
925753, 0
925901, 0
925968, 0
926064, 0
926165, 0
926238, 0
926294, 0
926428, 0
926555, 0
926597, 0
926619, 0
926622, 0
926732, 0
926754, 0
926799, 0
926828, 0
926869, 0
926920, 0
927493, 0
927541, 0
927551, 0
927626, 0
927703, 0
927878, 0
928030, 0
928412, 0
928453, 0
928491, 0
928582, 0
928587, 0
929228, 0
929340, 0
929367, 0
929503, 0
929781, 0
929852, 0
929890, 0
929966, 0
930585, 0
930752, 0
931158, 0
931173, 0
931279, 0
931740, 0
931794, 0
932011, 0
932183, 0
932188, 0
932289, 0
932306, 0
932318, 0
932690, 0
933035, 0
933130, 0
933220, 0
933241, 0
933364, 0
933532, 0
933769, 0
934066, 0
934151, 0
934220, 0
934226, 0
934282, 0
934336, 0
934467, 0
934870, 0
935070, 0
935071, 0
935318, 0
935659, 0
935940, 0
936012, 0
936074, 0
936161, 0
936312, 0
936885, 0
936976, 0
937309, 0
937406, 0
937541, 0
937705, 0
937814, 0
938034, 0
939018, 0
939456, 0
939670, 0
939977, 0
940054, 0
940176, 0
940186, 0
940252, 0
940311, 0
940523, 0
940540, 0
940568, 0
940803, 0
940812, 0
940833, 0
940935, 0
940940, 0
941099, 0
941125, 0
941181, 0
941221, 0
941241, 0
941296, 0
941299, 0
941361, 0
941428, 0
941494, 0
941604, 0
941692, 0
941837, 0
942500, 0
942717, 0
942951, 0
943261, 0
943802, 0
943942, 0
943969, 0
944073, 0
944227, 0
944349, 0
944387, 0
944594, 0
944720, 0
944811, 0
944819, 0
944879, 0
944926, 0
944995, 0
944997, 0
945039, 0
945329, 0
945356, 0
945714, 0
945768, 0
945777, 0
945960, 0
946005, 0
946311, 0
946507, 0
946799, 0
946872, 0
946892, 0
947010, 0
947054, 0
947477, 0
947501, 0
947632, 0
947708, 0
947943, 0
948053, 0
948102, 0
948359, 0
948729, 0
948789, 0
948851, 0
948935, 0
949019, 0
949027, 0
949412, 0
949433, 0
949778, 0
949892, 0
949924, 0
949942, 0
950289, 0
950292, 0
950703, 0
950981, 0
951507, 0
951539, 0
951969, 0
952009, 0
952222, 0
952566, 0
952691, 0
952706, 0
952935, 0
953057, 0
953058, 0
953190, 0
953614, 0
953621, 0
953668, 0
953789, 0
953916, 0
954104, 0
954143, 0
954347, 0
954390, 0
954509, 0
954855, 0
954894, 0
954989, 0
955074, 0
955126, 0
955235, 0
955237, 0
955397, 0
955422, 0
955493, 0
956020, 0
956027, 0
956396, 0
956616, 0
956958, 0
957112, 0
957145, 0
957248, 0
957264, 0
957739, 0
957956, 0
957974, 0
958013, 0
958250, 0
958257, 0
958619, 0
958660, 0
958779, 0
958792, 0
958840, 0
959164, 0
959304, 0
959417, 0
959495, 0
959560, 0
959821, 0
959939, 0
960487, 0
960685, 0
960695, 0
960714, 0
961085, 0
961145, 0
961358, 0
961483, 0
962016, 0
962114, 0
962176, 0
963008, 0
963435, 0
963440, 0
963576, 0
963694, 0
963781, 0
963798, 0
964422, 0
964467, 0
964482, 0
964506, 0
964846, 0
965328, 0
965397, 0
965734, 0
967084, 0
967198, 0
967709, 0
967818, 0
968014, 0
968381, 0
968490, 0
968751, 0
968845, 0
968968, 0
969166, 0
969329, 0
969357, 0
969359, 0
969360, 0
969469, 0
969577, 0
970071, 0
970112, 0
970130, 0
970280, 0
970314, 0
970364, 0
970407, 0
970439, 0
970592, 0
970926, 0
971152, 0
971465, 0
971610, 0
972034, 0
972126, 0
972327, 0
972343, 0
972718, 0
972781, 0
972842, 0
972999, 0
973782, 0
974105, 0
975382, 0
975716, 0
975733, 0
976003, 0
976004, 0
976182, 0
976221, 0
976400, 0
976778, 0
977007, 0
977141, 0
977682, 0
977762, 0
977846, 0
977895, 0
977941, 0
977989, 0
978156, 0
978446, 0
978677, 0
978908, 0
979060, 0
979470, 0
979960, 0
980258, 0
980647, 0
980694, 0
980697, 0
980706, 0
980786, 0
980793, 0
980872, 0
980903, 0
981236, 0
981252, 0
981640, 0
981807, 0
982411, 0
982791, 0
983253, 0
983444, 0
983818, 0
984380, 0
984410, 0
984667, 0
984952, 0
984972, 0
985015, 0
985143, 0
985538, 0
985747, 0
986073, 0
986138, 0
986159, 0
986186, 0
986308, 0
986391, 0
986546, 0
986708, 0
986766, 0
987006, 0
987242, 0
987398, 0
987454, 0
987467, 0
987485, 0
987519, 0
987534, 0
987654, 0
987902, 0
987917, 0
988043, 0
988234, 0
988323, 0
988395, 0
988410, 0
988503, 0
988579, 0
988992, 0
989021, 0
989051, 0
989136, 0
989265, 0
989303, 0
989631, 0
989659, 0
990000, 0
990089, 0
990122, 0
990603, 0
990786, 0
990899, 0
990984, 0
991070, 0
991836, 0
992075, 0
992084, 0
992187, 0
992301, 0
992303, 0
992360, 0
992488, 0
992704, 0
992927, 0
993109, 0
993113, 0
993276, 0
993565, 0
993587, 0
994032, 0
994048, 0
994132, 0
994170, 0
994272, 0
994391, 0
994497, 0
994520, 0
994634, 0
994673, 0
994889, 0
995048, 0
995050, 0
995093, 0
995107, 0
995236, 0
995512, 0
995527, 0
995697, 0
996154, 0
996334, 0
996497, 0
996595, 0
996629, 0
996723, 0
997009, 0
997102, 0
997119, 0
997208, 0
997538, 0
997723, 0
998069, 0
998113, 0
998687, 0
998708, 0
998861, 0
999302, 0
999322, 0
999388, 0
999412, 0
999512, 0
999518, 0
999558, 0
999587, 0
999778, 0
999871, 0
999915, 0
1000005, 0
1000267, 0
1000331, 0
1000486, 0
1000552, 0
1000870, 0
1001246, 0
1001254, 0
1001297, 0
1001373, 0
1001500, 0
1001559, 0
1001664, 0
1001666, 0
1001880, 0
1001967, 0
1002040, 0
1002047, 0
1002125, 0
1002251, 0
1002300, 0
1002467, 0
1002711, 0
1003057, 0
1003062, 0
1003142, 0
1003402, 0
1003702, 0
1003865, 0
1003908, 0
1004048, 0
1004250, 0
1004503, 0
1004519, 0
1004524, 0
1004644, 0
1004972, 0
1005033, 0
1005208, 0
1005290, 0
1005539, 0
1005581, 0
1005592, 0
1005597, 0
1005681, 0
1005800, 0
1006259, 0
1006416, 0
1006465, 0
1007213, 0
1007266, 0
1007427, 0
1007545, 0
1007675, 0
1007996, 0
1008228, 0
1008311, 0
1008847, 0
1009002, 0
1009045, 0
1009344, 0
1009345, 0
1009356, 0
1009368, 0
1009715, 0
1009787, 0
1009882, 0
1009908, 0
1010001, 0
1010002, 0
1010086, 0
1010118, 0
1010308, 0
1010685, 0
1010720, 0
1011012, 0
1011119, 0
1011316, 0
1011550, 0
1011705, 0
1011754, 0
1011819, 0
1011977, 0
1012186, 0
1012423, 0
1012582, 0
1013236, 0
1013952, 0
1014269, 0
1014415, 0
1014517, 0
1014845, 0
1015017, 0
1015049, 0
1015105, 0
1015362, 0
1015398, 0
1015600, 0
1015610, 0
1015640, 0
1015731, 0
1015751, 0
1015781, 0
1016290, 0
1016347, 0
1016399, 0
1016416, 0
1016451, 0
1016621, 0
1016837, 0
1016990, 0
1017050, 0
1018033, 0
1018057, 0
1018400, 0
1018508, 0
1018609, 0
1018901, 0
1018910, 0
1018952, 0
1018972, 0
1019301, 0
1019317, 0
1019956, 0
1019980, 0
1020433, 0
1020758, 0
1020789, 0
1021204, 0
1021459, 0
1021605, 0
1021888, 0
1021940, 0
1022221, 0
1022309, 0
1022664, 0
1022754, 0
1022772, 0
1022776, 0
1022908, 0
1022972, 0
1023140, 0
1023194, 0
1023303, 0
1024004, 0
1024010, 0
1024018, 0
1024069, 0
1024111, 0
1024340, 0
1024403, 0
1024493, 0
1024496, 0
1024742, 0
1024825, 0
1025010, 0
1025201, 0
1025544, 0
1025694, 0
1025843, 0
1025900, 0
1026132, 0
1026170, 0
1026177, 0
1026271, 0
1026541, 0
1026618, 0
1027020, 0
1027194, 0
1027307, 0
1027468, 0
1027490, 0
1027528, 0
1027605, 0
1027659, 0
1027949, 0
1028082, 0
1028367, 0
1028379, 0
1028678, 0
1028797, 0
1028863, 0
1029270, 0
1029495, 0
1029515, 0
1029577, 0
1029651, 0
1029692, 0
1029775, 0
1029796, 0
1029883, 0
1030093, 0
1030230, 0
1030582, 0
1030603, 0
1030723, 0
1031337, 0
1031724, 0
1031883, 0
1032360, 0
1032951, 0
1033002, 0
1033111, 0
1033661, 0
1033738, 0
1034341, 0
1034486, 0
1034713, 0
1035027, 0
1035080, 0
1035115, 0
1035117, 0
1035130, 0
1035240, 0
1035309, 0
1035455, 0
1035507, 0
1035766, 0
1036572, 0
1036623, 0
1036825, 0
1036967, 0
1037037, 0
1037615, 0
1037676, 0
1037812, 0
1037950, 0
1037986, 0
1038335, 0
1038360, 0
1038496, 0
1038589, 0
1038847, 0
1038992, 0
1039017, 0
1039049, 0
1039074, 0
1039431, 0
1039450, 0
1039468, 0
1039474, 0
1039615, 0
1039792, 0
1039810, 0
1040248, 0
1040459, 0
1040851, 0
1040885, 0
1041158, 0
1041191, 0
1041412, 0
1041466, 0
1041487, 0
1041772, 0
1041929, 0
1041947, 0
1041998, 0
1042051, 0
1042073, 0
1042160, 0
1042392, 0
1042713, 0
1042836, 0
1042941, 0
1042946, 0
1043011, 0
1043080, 0
1043172, 0
1043544, 0
1043854, 0
1044385, 0
1044668, 0
1044700, 0
1044866, 0
1045198, 0
1045366, 0
1045849, 0
1046027, 0
1046255, 0
1046422, 0
1046625, 0
1046733, 0
1046815, 0
1046954, 0
1047134, 0
1047220, 0
1047240, 0
1047354, 0
1047384, 0
1048086, 0
1048123, 0
1048140, 0
1048261, 0
1048477, 0
1048523, 0
1048548, 0
1048558, 0
1048561, 0
1048672, 0
1048687, 0
1048774, 0
1048841, 0
1048920, 0
1049072, 0
1049085, 0
1049775, 0
1049843, 0
1050009, 0
1050196, 0
1050209, 0
1050277, 0
1050280, 0
1050314, 0
1050472, 0
1050647, 0
1050685, 0
1050896, 0
1051086, 0
1051147, 0
1051222, 0
1051415, 0
1051423, 0
1051475, 0
1051928, 0
1051948, 0
1052285, 0
1052367, 0
1052623, 0
1052769, 0
1052998, 0
1053042, 0
1053209, 0
1053312, 0
1053392, 0
1053765, 0
1053840, 0
1053956, 0
1054247, 0
1054295, 0
1054448, 0
1054751, 0
1054944, 0
1054977, 0
1055245, 0
1055890, 0
1055917, 0
1055960, 0
1056283, 0
1056321, 0
1056690, 0
1056829, 0
1056851, 0
1056969, 0
1057078, 0
1057454, 0
1057587, 0
1057622, 0
1057653, 0
1057663, 0
1057981, 0
1058098, 0
1058139, 0
1058312, 0
1058596, 0
1058836, 0
1059664, 0
1059873, 0
1060021, 0
1060204, 0
1060211, 0
1060395, 0
1060703, 0
1060707, 0
1060997, 0
1061169, 0
1061730, 0
1061764, 0
1061778, 0
1061995, 0
1062046, 0
1062165, 0
1062307, 0
1062397, 0
1062491, 0
1062497, 0
1062741, 0
1062788, 0
1063298, 0
1063433, 0
1063818, 0
1063904, 0
1063982, 0
1064164, 0
1064283, 0
1064443, 0
1064477, 0
1064503, 0
1064601, 0
1064700, 0
1064799, 0
1065231, 0
1065604, 0
1065680, 0
1065831, 0
1065985, 0
1066188, 0
1066221, 0
1066349, 0
1066350, 0
1066469, 0
1066523, 0
1066563, 0
1066974, 0
1067006, 0
1067753, 0
1067790, 0
1067844, 0
1067967, 0
1068206, 0
1068429, 0
1068828, 0
1069145, 0
1069357, 0
1069415, 0
1069417, 0
1070009, 0
1070029, 0
1070084, 0
1070092, 0
1070322, 0
1070333, 0
1070367, 0
1070431, 0
1070453, 0
1070550, 0
1070699, 0
1071008, 0
1071038, 0
1071055, 0
1071584, 0
1071705, 0
1071883, 0
1071944, 0
1071966, 0
1072002, 0
1072054, 0
1072081, 0
1072280, 0
1072413, 0
1072421, 0
1072576, 0
1072809, 0
1072939, 0
1073059, 0
1073253, 0
1073728, 0
1073775, 0
1073787, 0
1074023, 0
1074522, 0
1075362, 0
1075380, 0
1075633, 0
1075915, 0
1076096, 0
1076110, 0
1076304, 0
1076567, 0
1076724, 0
1076820, 0
1077105, 0
1077258, 0
1077607, 0
1077829, 0
1078157, 0
1079092, 0
1079181, 0
1079504, 0
1079805, 0
1079920, 0
1080179, 0
1080249, 0
1080406, 0
1080567, 0
1080921, 0
1080987, 0
1081116, 0
1081204, 0
1081241, 0
1081369, 0
1081706, 0
1081988, 0
1081997, 0
1082125, 0
1082484, 0
1082897, 0
1083298, 0
1083321, 0
1083571, 0
1083789, 0
1083880, 0
1084659, 0
1084755, 0
1085368, 0
1085412, 0
1085837, 0
1085900, 0
1085957, 0
1086062, 0
1086094, 0
1086332, 0
1086793, 0
1086891, 0
1087025, 0
1087350, 0
1087356, 0
1087595, 0
1087598, 0
1087784, 0
1087803, 0
1087930, 0
1087951, 0
1088121, 0
1088229, 0
1088249, 0
1088627, 0
1088654, 0
1088806, 0
1089101, 0
1089375, 0
1090043, 0
1090091, 0
1090137, 0
1090596, 0
1091120, 0
1091152, 0
1091815, 0
1092022, 0
1092027, 0
1092052, 0
1092124, 0
1092399, 0
1092667, 0
1092691, 0
1092937, 0
1093086, 0
1093164, 0
1093187, 0
1093458, 0
1093503, 0
1093565, 0
1093568, 0
1093616, 0
1093774, 0
1093808, 0
1093944, 0
1094287, 0
1094480, 0
1094807, 0
1095182, 0
1095218, 0
1095579, 0
1095730, 0
1095812, 0
1096225, 0
1096314, 0
1096374, 0
1096684, 0
1096703, 0
1096767, 0
1096830, 0
1096901, 0
1097083, 0
1097176, 0
1097434, 0
1097701, 0
1097716, 0
1097734, 0
1098202, 0
1098265, 0
1098786, 0
1098857, 0
1099110, 0
1099454, 0
1099593, 0
1100190, 0
1100199, 0
1100643, 0
1100645, 0
1100706, 0
1100707, 0
1101053, 0
1101175, 0
1101397, 0
1101502, 0
1101596, 0
1101754, 0
1102086, 0
1102333, 0
1102759, 0
1102771, 0
1103047, 0
1103387, 0
1103432, 0
1103465, 0
1103467, 0
1104053, 0
1104063, 0
1104067, 0
1104339, 0
1104340, 0
1104426, 0
1104436, 0
1104440, 0
1104890, 0
1105054, 0
1105115, 0
1105171, 0
1105199, 0
1105378, 0
1105720, 0
1105741, 0
1105818, 0
1105833, 0
1105834, 0
1106761, 0
1106897, 0
1107426, 0
1107475, 0
1107510, 0
1107529, 0
1107591, 0
1107798, 0
1107852, 0
1108609, 0
1108712, 0
1108929, 0
1108961, 0
1109079, 0
1109113, 0
1109156, 0
1109382, 0
1109927, 0
1109933, 0
1109999, 0
1110163, 0
1110207, 0
1110319, 0
1110409, 0
1111028, 0
1111280, 0
1111360, 0
1111505, 0
1111549, 0
1111731, 0
1111860, 0
1112250, 0
1112423, 0
1112474, 0
1112834, 0
1112902, 0
1113231, 0
1113279, 0
1113389, 0
1113404, 0
1113730, 0
1113798, 0
1114193, 0
1114237, 0
1114323, 0
1114668, 0
1114745, 0
1114764, 0
1114798, 0
1114805, 0
1115049, 0
1115441, 0
1115543, 0
1115874, 0
1115899, 0
1115963, 0
1116337, 0
1116982, 0
1117047, 0
1117051, 0
1117370, 0
1117496, 0
1117601, 0
1117719, 0
1118901, 0
1118986, 0
1118988, 0
1119229, 0
1119242, 0
1119322, 0
1119891, 0
1120442, 0
1120515, 0
1120561, 0
1120572, 0
1120806, 0
1120934, 0
1121272, 0
1121753, 0
1121831, 0
1122246, 0
1122621, 0
1122700, 0
1122812, 0
1122879, 0
1123134, 0
1123326, 0
1123591, 0
1123626, 0
1123963, 0
1124267, 0
1124321, 0
1124353, 0
1124448, 0
1124795, 0
1124854, 0
1124928, 0
1124943, 0
1125104, 0
1125333, 0
1125469, 0
1125566, 0
1125607, 0
1125722, 0
1125785, 0
1126033, 0
1126064, 0
1126162, 0
1126369, 0
1126414, 0
1126488, 0
1126559, 0
1126572, 0
1126666, 0
1126916, 0
1126979, 0
1127131, 0
1127171, 0
1127191, 0
1127323, 0
1127352, 0
1127466, 0
1127608, 0
1127609, 0
1128060, 0
1128120, 0
1128223, 0
1128512, 0
1128612, 0
1128873, 0
1129216, 0
1129461, 0
1129474, 0
1129528, 0
1129806, 0
1129816, 0
1129835, 0
1130235, 0
1130405, 0
1130473, 0
1130851, 0
1130991, 0
1131057, 0
1131145, 0
1131494, 0
1131886, 0
1131974, 0
1132692, 0
1133078, 0
1133140, 0
1133194, 0
1133869, 0
1134079, 0
1134532, 0
1134893, 0
1135002, 0
1135139, 0
1135236, 0
1135239, 0
1135647, 0
1135915, 0
1136123, 0
1136156, 0
1136183, 0
1136493, 0
1136811, 0
1136896, 0
1137031, 0
1137698, 0
1138000, 0
1138123, 0
1138900, 0
1139012, 0
1139186, 0
1139514, 0
1139596, 0
1139854, 0
1140022, 0
1140141, 0
1140463, 0
1140547, 0
1140740, 0
1140859, 0
1140899, 0
1141017, 0
1141059, 0
1141090, 0
1141141, 0
1141269, 0
1141429, 0
1141605, 0
1141903, 0
1142440, 0
1142555, 0
1142800, 0
1143115, 0
1143184, 0
1143226, 0
1143231, 0
1143347, 0
1143453, 0
1143866, 0
1144246, 0
1144607, 0
1144840, 0
1144877, 0
1144898, 0
1145162, 0
1145322, 0
1145445, 0
1145446, 0
1147056, 0
1147294, 0
1147344, 0
1147441, 0
1147601, 0
1147957, 0
1148025, 0
1148200, 0
1148936, 0
1148981, 0
1149085, 0
1149111, 0
1149523, 0
1149666, 0
1150109, 0
1150566, 0
1151159, 0
1151191, 0
1151363, 0
1151698, 0
1151816, 0
1151848, 0
1151984, 0
1152097, 0
1152270, 0
1152339, 0
1152612, 0
1152648, 0
1153032, 0
1153138, 0
1153932, 0
1154677, 0
1154700, 0
1154947, 0
1154960, 0
1155135, 0
1155305, 0
1155346, 0
1155566, 0
1155818, 0
1155937, 0
1156174, 0
1156198, 0
1156476, 0
1156620, 0
1156627, 0
1156655, 0
1157483, 0
1157576, 0
1157591, 0
1158020, 0
1158323, 0
1158429, 0
1158644, 0
1158693, 0
1158891, 0
1159004, 0
1159080, 0
1159108, 0
1159195, 0
1159463, 0
1159541, 0
1159565, 0
1159581, 0
1159812, 0
1160055, 0
1160301, 0
1160319, 0
1160374, 0
1160431, 0
1160665, 0
1160867, 0
1160992, 0
1161131, 0
1161454, 0
1161761, 0
1161802, 0
1161807, 0
1162080, 0
1162326, 0
1162338, 0
1162402, 0
1162417, 0
1162425, 0
1162574, 0
1162582, 0
1162738, 0
1162769, 0
1163214, 0
1163283, 0
1163341, 0
1163690, 0
1163813, 0
1164073, 0
1164399, 0
1164445, 0
1165131, 0
1165349, 0
1165552, 0
1165655, 0
1165711, 0
1165910, 0
1165911, 0
1165947, 0
1166220, 0
1166256, 0
1166289, 0
1166533, 0
1166544, 0
1166624, 0
1166736, 0
1166987, 0
1167006, 0
1167102, 0
1167630, 0
1168102, 0
1168531, 0
1168538, 0
1168703, 0
1168758, 0
1169430, 0
1169537, 0
1170126, 0
1170516, 0
1170730, 0
1170872, 0
1170877, 0
1171029, 0
1171041, 0
1171069, 0
1171071, 0
1171202, 0
1171413, 0
1171663, 0
1171884, 0
1171936, 0
1171940, 0
1173214, 0
1173338, 0
1173343, 0
1173636, 0
1174039, 0
1174581, 0
1174646, 0
1174662, 0
1174775, 0
1174942, 0
1175459, 0
1175678, 0
1175721, 0
1175738, 0
1175809, 0
1175965, 0
1176226, 0
1176396, 0
1176660, 0
1177025, 0
1177114, 0
1177116, 0
1177122, 0
1177131, 0
1177196, 0
1177282, 0
1177303, 0
1177398, 0
1177438, 0
1177623, 0
1177963, 0
1178121, 0
1178606, 0
1179333, 0
1179613, 0
1179649, 0
1179890, 0
1179953, 0
1180611, 0
1180668, 0
1181457, 0
1181528, 0
1181889, 0
1181970, 0
1182102, 0
1182197, 0
1182260, 0
1183006, 0
1183470, 0
1183882, 0
1183960, 0
1183993, 0
1184043, 0
1184130, 0
1184704, 0
1184737, 0
1184964, 0
1185075, 0
1185108, 0
1185239, 0
1185504, 0
1185554, 0
1185767, 0
1185895, 0
1185939, 0
1185983, 0
1186027, 0
1186085, 0
1186211, 0
1187556, 0
1187775, 0
1187778, 0
1187792, 0
1187817, 0
1187895, 0
1188022, 0
1188408, 0
1188910, 0
1189394, 0
1189519, 0
1190081, 0
1190394, 0
1190487, 0
1190508, 0
1190641, 0
1190848, 0
1190855, 0
1190936, 0
1191014, 0
1191064, 0
1191075, 0
1191092, 0
1191142, 0
1191246, 0
1191533, 0
1191623, 0
1191837, 0
1191853, 0
1191860, 0
1191901, 0
1192008, 0
1192285, 0
1192405, 0
1192701, 0
1192709, 0
1192874, 0
1192983, 0
1193278, 0
1193366, 0
1193609, 0
1193815, 0
1193917, 0
1194006, 0
1194240, 0
1194449, 0
1194507, 0
1194522, 0
1194569, 0
1195045, 0
1195112, 0
1195344, 0
1195411, 0
1195509, 0
1195563, 0
1195662, 0
1195740, 0
1195852, 0
1195863, 0
1195942, 0
1195976, 0
1196175, 0
1196196, 0
1196335, 0
1196624, 0
1196702, 0
1196807, 0
1196868, 0
1196891, 0
1196973, 0
1196992, 0
1197080, 0
1197212, 0
1197253, 0
1197645, 0
1197870, 0
1197987, 0
1198043, 0
1198136, 0
1198278, 0
1198372, 0
1198401, 0
1198598, 0
1198730, 0
1198788, 0
1199023, 0
1199273, 0
1199529, 0
1199657, 0
1199683, 0
1199822, 0
1199945, 0
1200242, 0
1200371, 0
1200417, 0
1200418, 0
1200533, 0
1200657, 0
1200879, 0
1201116, 0
1201172, 0
1201173, 0
1201459, 0
1201515, 0
1201525, 0
1201683, 0
1202189, 0
1202299, 0
1202586, 0
1203180, 0
1203188, 0
1203232, 0
1203244, 0
1203349, 0
1203430, 0
1203446, 0
1203499, 0
1203554, 0
1203784, 0
1204039, 0
1204058, 0
1204528, 0
1204740, 0
1204792, 0
1205176, 0
1205213, 0
1205345, 0
1205706, 0
1205790, 0
1205819, 0
1205839, 0
1206551, 0
1206555, 0
1206670, 0
1206844, 0
1207013, 0
1207248, 0
1207729, 0
1208096, 0
1208390, 0
1208462, 0
1208495, 0
1208498, 0
1208768, 0
1208970, 0
1209348, 0
1209394, 0
1209471, 0
1209621, 0
1209830, 0
1209967, 0
1210048, 0
1210131, 0
1210303, 0
1210325, 0
1210706, 0
1210765, 0
1210826, 0
1211108, 0
1211115, 0
1211180, 0
1211258, 0
1211307, 0
1211410, 0
1211448, 0
1211537, 0
1211627, 0
1211719, 0
1211937, 0
1212028, 0
1212072, 0
1212124, 0
1212285, 0
1212291, 0
1212327, 0
1212346, 0
1212511, 0
1212644, 0
1212761, 0
1212902, 0
1213191, 0
1213306, 0
1213429, 0
1213441, 0
1213725, 0
1213751, 0
1213971, 0
1214076, 0
1214082, 0
1214091, 0
1214440, 0
1214595, 0
1214830, 0
1214833, 0
1214876, 0
1214878, 0
1215104, 0
1215112, 0
1215394, 0
1215407, 0
1215540, 0
1215790, 0
1216012, 0
1216027, 0
1216295, 0
1216330, 0
1216820, 0
1217041, 0
1217190, 0
1217200, 0
1217283, 0
1217606, 0
1217798, 0
1218070, 0
1218098, 0
1218304, 0
1218332, 0
1218408, 0
1218474, 0
1218596, 0
1218973, 0
1219027, 0
1219190, 0
1219320, 0
1219355, 0
1219570, 0
1219591, 0
1219827, 0
1220018, 0
1220210, 0
1220211, 0
1220389, 0
1220402, 0
1220571, 0
1220606, 0
1220634, 0
1220744, 0
1220902, 0
1220939, 0
1221292, 0
1221370, 0
1221393, 0
1221779, 0
1222066, 0
1222083, 0
1222122, 0
1222335, 0
1222574, 0
1223030, 0
1223046, 0
1223144, 0
1223549, 0
1223760, 0
1223811, 0
1224428, 0
1224492, 0
1224535, 0
1224607, 0
1224870, 0
1225053, 0
1225128, 0
1225575, 0
1225837, 0
1226126, 0
1226184, 0
1226526, 0
1227445, 0
1227557, 0
1227627, 0
1227647, 0
1227755, 0
1227798, 0
1227904, 0
1228010, 0
1228071, 0
1228143, 0
1228365, 0
1228392, 0
1229376, 0
1229415, 0
1229435, 0
1229522, 0
1229844, 0
1230118, 0
1230233, 0
1230346, 0
1230542, 0
1230630, 0
1230677, 0
1230854, 0
1231057, 0
1231133, 0
1231442, 0
1231729, 0
1231747, 0
1231837, 0
1232048, 0
1232230, 0
1233033, 0
1233341, 0
1233493, 0
1233499, 0
1233581, 0
1234430, 0
1234632, 0
1234770, 0
1234857, 0
1235020, 0
1235124, 0
1235216, 0
1235307, 0
1235594, 0
1235612, 0
1236026, 0
1236391, 0
1237170, 0
1237431, 0
1237591, 0
1237613, 0
1237641, 0
1237918, 0
1237931, 0
1238006, 0
1238499, 0
1238754, 0
1239409, 0
1239495, 0
1239527, 0
1239594, 0
1240218, 0
1240246, 0
1240267, 0
1240292, 0
1240343, 0
1240708, 0
1241142, 0
1241417, 0
1241515, 0
1241577, 0
1241910, 0
1242021, 0
1242128, 0
1242204, 0
1242989, 0
1243238, 0
1243274, 0
1243699, 0
1243923, 0
1243952, 0
1244969, 0
1245178, 0
1245233, 0
1245669, 0
1246078, 0
1246192, 0
1246218, 0
1246286, 0
1246378, 0
1246681, 0
1246866, 0
1247154, 0
1247644, 0
1247750, 0
1247843, 0
1248045, 0
1248119, 0
1248174, 0
1248223, 0
1248243, 0
1248302, 0
1248415, 0
1248595, 0
1248952, 0
1249109, 0
1249171, 0
1249373, 0
1249611, 0
1249616, 0
1249882, 0
1250042, 0
1250090, 0
1250149, 0
1250206, 0
1250250, 0
1250312, 0
1250318, 0
1250322, 0
1250361, 0
1250363, 0
1250592, 0
1250631, 0
1250763, 0
1250768, 0
1250972, 0
1251085, 0
1251230, 0
1251637, 0
1251690, 0
1251947, 0
1252189, 0
1252224, 0
1252247, 0
1252697, 0
1252733, 0
1252747, 0
1252796, 0
1252873, 0
1253022, 0
1253087, 0
1253103, 0
1253542, 0
1253582, 0
1253899, 0
1254703, 0
1254931, 0
1254971, 0
1255111, 0
1255272, 0
1255380, 0
1255459, 0
1255832, 0
1256523, 0
1256758, 0
1256907, 0
1256949, 0
1256972, 0
1256975, 0
1256999, 0
1257054, 0
1257069, 0
1257192, 0
1257232, 0
1257380, 0
1257586, 0
1257833, 0
1258235, 0
1258373, 0
1258493, 0
1258675, 0
1258886, 0
1259188, 0
1259224, 0
1259261, 0
1259625, 0
1259697, 0
1260364, 0
1260391, 0
1260619, 0
1260714, 0
1260725, 0
1260939, 0
1260959, 0
1261435, 0
1261529, 0
1261574, 0
1261856, 0
1261947, 0
1262336, 0
1262468, 0
1262584, 0
1262597, 0
1262810, 0
1262837, 0
1262870, 0
1263359, 0
1263406, 0
1263585, 0
1263939, 0
1263947, 0
1264221, 0
1264308, 0
1264904, 0
1265238, 0
1265334, 0
1266033, 0
1266133, 0
1266343, 0
1266449, 0
1266689, 0
1266738, 0
1266762, 0
1266854, 0
1267051, 0
1267113, 0
1267120, 0
1267185, 0
1267827, 0
1267835, 0
1267960, 0
1268019, 0
1268415, 0
1268441, 0
1268470, 0
1268486, 0
1268680, 0
1268750, 0
1268921, 0
1268976, 0
1269013, 0
1269037, 0
1269337, 0
1269735, 0
1269756, 0
1270025, 0
1270082, 0
1270609, 0
1270617, 0
1270695, 0
1270837, 0
1270875, 0
1271047, 0
1271198, 0
1271708, 0
1271715, 0
1271750, 0
1271792, 0
1272194, 0
1272256, 0
1272279, 0
1272345, 0
1272496, 0
1272498, 0
1272744, 0
1272818, 0
1272904, 0
1272978, 0
1272989, 0
1273034, 0
1273193, 0
1273223, 0
1273423, 0
1273460, 0
1273506, 0
1273578, 0
1273634, 0
1273648, 0
1273881, 0
1273911, 0
1273963, 0
1274305, 0
1274365, 0
1274398, 0
1274662, 0
1274741, 0
1274859, 0
1275318, 0
1275870, 0
1276202, 0
1276641, 0
1276955, 0
1277096, 0
1277854, 0
1278161, 0
1278564, 0
1278739, 0
1279542, 0
1279850, 0
1280113, 0
1280129, 0
1280207, 0
1280320, 0
1280564, 0
1280718, 0
1281083, 0
1281267, 0
1281363, 0
1281553, 0
1281689, 0
1281813, 0
1281817, 0
1281893, 0
1281931, 0
1282027, 0
1282126, 0
1282279, 0
1282392, 0
1282641, 0
1282787, 0
1283028, 0
1283202, 0
1283215, 0
1283260, 0
1283278, 0
1283548, 0
1283796, 0
1283876, 0
1283949, 0
1284023, 0
1284135, 0
1284247, 0
1284357, 0
1284408, 0
1285465, 0
1285760, 0
1285972, 0
1286266, 0
1286361, 0
1286592, 0
1286737, 0
1286774, 0
1286972, 0
1287338, 0
1287654, 0
1287841, 0
1288003, 0
1288063, 0
1288089, 0
1288216, 0
1288378, 0
1288440, 0
1288492, 0
1288588, 0
1288702, 0
1288822, 0
1288875, 0
1288966, 0
1289376, 0
1289809, 0
1290327, 0
1290382, 0
1290507, 0
1290766, 0
1290771, 0
1291223, 0
1291336, 0
1291682, 0
1292062, 0
1292245, 0
1292408, 0
1292434, 0
1292465, 0
1292560, 0
1292601, 0
1292860, 0
1292888, 0
1293184, 0
1293714, 0
1293792, 0
1293855, 0
1294180, 0
1294325, 0
1294532, 0
1294663, 0
1295177, 0
1295398, 0
1295409, 0
1295774, 0
1295782, 0
1295901, 0
1296040, 0
1296069, 0
1296368, 0
1296392, 0
1296593, 0
1296632, 0
1296790, 0
1296888, 0
1297372, 0
1297395, 0
1297441, 0
1297550, 0
1297930, 0
1298075, 0
1298088, 0
1298965, 0
1299163, 0
1299835, 0
1300147, 0
1300300, 0
1300378, 0
1300795, 0
1301085, 0
1301335, 0
1301464, 0
1301715, 0
1301945, 0
1302130, 0
1302357, 0
1302609, 0
1303740, 0
1303822, 0
1304069, 0
1304139, 0
1304231, 0
1304264, 0
1304287, 0
1306174, 0
1306649, 0
1306732, 0
1306803, 0
1306898, 0
1306919, 0
1307608, 0
1307767, 0
1308229, 0
1308391, 0
1308402, 0
1308902, 0
1308920, 0
1308988, 0
1309138, 0
1309187, 0
1309495, 0
1309548, 0
1309629, 0
1310269, 0
1310271, 0
1310280, 0
1310339, 0
1310432, 0
1310466, 0
1310522, 0
1310630, 0
1310773, 0
1310945, 0
1310968, 0
1310976, 0
1311188, 0
1311192, 0
1311823, 0
1312114, 0
1312204, 0
1312501, 0
1312652, 0
1312714, 0
1312798, 0
1312843, 0
1312900, 0
1312914, 0
1312952, 0
1313112, 0
1313155, 0
1313248, 0
1313427, 0
1313514, 0
1313834, 0
1314119, 0
1314232, 0
1314276, 0
1314569, 0
1314718, 0
1315082, 0
1315151, 0
1315186, 0
1315264, 0
1315706, 0
1316000, 0
1316149, 0
1316279, 0
1316516, 0
1316518, 0
1316551, 0
1316648, 0
1316791, 0
1316850, 0
1317081, 0
1317110, 0
1317295, 0
1317313, 0
1317411, 0
1317493, 0
1317564, 0
1317613, 0
1317669, 0
1317675, 0
1317697, 0
1317771, 0
1317800, 0
1317837, 0
1317956, 0
1317973, 0
1318012, 0
1318252, 0
1318365, 0
1318406, 0
1318451, 0
1318532, 0
1318756, 0
1318789, 0
1318850, 0
1319171, 0
1319205, 0
1319219, 0
1319519, 0
1319615, 0
1320077, 0
1320190, 0
1320319, 0
1320396, 0
1320567, 0
1320659, 0
1320720, 0
1320969, 0
1321267, 0
1321729, 0
1321826, 0
1322028, 0
1322137, 0
