757414, 0.0073477
30900, 6.85392e-05
394454, 1.93629e-05
652786, 1.37465e-05
1174536, 1.15853e-05
463012, 1.02863e-05
91695, 9.98599e-06
1302434, 8.36533e-06
202798, 7.94793e-06
505773, 6.53232e-06
728011, 5.15238e-06
696227, 4.70474e-06
357839, 4.67128e-06
710640, 4.06552e-06
529093, 3.91959e-06
831790, 3.65159e-06
262634, 3.61332e-06
172040, 3.30543e-06
795968, 3.20766e-06
495796, 2.88838e-06
700325, 2.52666e-06
903491, 2.48981e-06
612378, 2.46645e-06
497606, 2.31473e-06
1265520, 2.03215e-06
640997, 1.95017e-06
1263150, 1.92741e-06
874774, 1.81496e-06
908888, 1.75563e-06
651217, 1.57198e-06
244266, 1.56917e-06
175496, 1.54123e-06
697326, 1.50522e-06
106121, 1.43086e-06
151820, 1.33911e-06
24166, 1.28592e-06
1012505, 1.26772e-06
626374, 1.18424e-06
1063160, 1.1281e-06
588381, 1.09339e-06
262765, 1.08735e-06
429298, 1.0105e-06
337982, 9.92208e-07
1271185, 9.36874e-07
1284950, 8.66814e-07
653710, 8.37464e-07
605305, 8.19462e-07
661050, 8.19145e-07
25717, 8.19055e-07
170041, 8.17223e-07
635495, 8.17038e-07
117539, 8.15172e-07
292612, 8.03917e-07
985743, 7.98654e-07
66267, 7.84924e-07
374915, 7.3395e-07
657145, 7.12995e-07
893835, 6.81727e-07
217464, 6.74677e-07
1182218, 6.72017e-07
578977, 6.62192e-07
323660, 6.56945e-07
603515, 6.5579e-07
313658, 6.38572e-07
366261, 6.27464e-07
123943, 6.16414e-07
666800, 6.11277e-07
364385, 6.09587e-07
1147055, 6.09506e-07
281743, 5.88071e-07
879166, 5.8602e-07
1224402, 5.49112e-07
315103, 5.22806e-07
1001475, 5.01805e-07
1313576, 4.99037e-07
374793, 4.98332e-07
1279987, 4.95716e-07
1124265, 4.93954e-07
454590, 4.86797e-07
6916, 4.61159e-07
123884, 4.60673e-07
428060, 4.55344e-07
436294, 4.5105e-07
655894, 4.46458e-07
133312, 4.44531e-07
854263, 4.42852e-07
623441, 4.40561e-07
663887, 4.3665e-07
928311, 4.34648e-07
982286, 4.3134e-07
1261582, 4.28666e-07
241992, 4.22683e-07
906966, 4.21524e-07
216889, 4.21114e-07
172784, 4.18485e-07
997005, 4.13529e-07
283945, 4.13208e-07
418726, 4.10992e-07
613440, 4.10688e-07
405437, 4.08612e-07
772944, 3.95461e-07
910295, 3.92216e-07
1022923, 3.89042e-07
148129, 3.87267e-07
1022617, 3.81582e-07
179212, 3.78491e-07
777779, 3.72658e-07
559495, 3.68769e-07
869117, 3.65398e-07
897388, 3.60783e-07
461116, 3.50825e-07
154907, 3.39853e-07
1281603, 3.33804e-07
35587, 3.30617e-07
1047615, 3.10172e-07
325516, 2.99148e-07
907166, 2.90654e-07
105880, 2.87425e-07
233087, 2.80749e-07
764668, 2.80146e-07
148631, 2.72498e-07
904550, 2.64388e-07
477155, 2.59806e-07
1179841, 2.46999e-07
406901, 2.45227e-07
84753, 2.4482e-07
75627, 2.44192e-07
873158, 2.364e-07
865135, 2.35143e-07
602083, 2.34961e-07
8037, 2.34603e-07
701534, 2.3456e-07
880694, 2.32654e-07
358389, 2.25536e-07
353195, 2.25174e-07
878720, 2.24285e-07
760589, 2.21334e-07
420360, 2.20087e-07
550673, 2.17689e-07
1278474, 2.16939e-07
352969, 2.08687e-07
448095, 2.08631e-07
101946, 2.07084e-07
901743, 2.0673e-07
132528, 2.06493e-07
516973, 2.06158e-07
798458, 2.0601e-07
213127, 2.0577e-07
292188, 2.05683e-07
882072, 2.05438e-07
813947, 2.05405e-07
801688, 2.04878e-07
459354, 2.04843e-07
640511, 2.02242e-07
166225, 1.99968e-07
683168, 1.99293e-07
1317962, 1.98517e-07
239392, 1.97642e-07
313356, 1.97126e-07
132061, 1.96544e-07
797792, 1.96534e-07
1016846, 1.95973e-07
1109157, 1.95902e-07
915341, 1.9411e-07
735280, 1.91843e-07
341594, 1.91325e-07
537043, 1.90067e-07
349620, 1.90038e-07
674054, 1.88907e-07
146909, 1.8827e-07
619084, 1.87922e-07
814138, 1.87471e-07
852100, 1.85511e-07
612702, 1.85308e-07
659880, 1.84985e-07
945029, 1.84634e-07
39938, 1.82641e-07
216534, 1.82291e-07
1259452, 1.80031e-07
492301, 1.79189e-07
910359, 1.72665e-07
1117989, 1.71394e-07
205343, 1.71038e-07
518853, 1.70959e-07
249538, 1.70067e-07
97192, 1.69753e-07
208122, 1.66232e-07
284843, 1.6573e-07
158476, 1.6397e-07
386102, 1.62867e-07
478150, 1.62587e-07
808891, 1.58965e-07
1217169, 1.57943e-07
724001, 1.56633e-07
1071969, 1.56479e-07
667894, 1.56172e-07
1129876, 1.56e-07
294617, 1.55763e-07
101729, 1.55014e-07
1289375, 1.54568e-07
731741, 1.54311e-07
284428, 1.53708e-07
1074625, 1.53456e-07
557383, 1.53298e-07
784331, 1.5272e-07
465968, 1.52575e-07
639700, 1.5237e-07
324250, 1.51998e-07
311941, 1.51985e-07
10701, 1.51911e-07
1096549, 1.50999e-07
1261362, 1.50793e-07
381494, 1.50484e-07
296160, 1.50093e-07
1018395, 1.49365e-07
1139812, 1.49164e-07
394125, 1.47725e-07
765529, 1.4751e-07
158909, 1.46073e-07
718866, 1.45346e-07
355906, 1.45045e-07
988349, 1.44498e-07
380987, 1.44478e-07
778118, 1.43799e-07
1207437, 1.43619e-07
142538, 1.42737e-07
458780, 1.42525e-07
227420, 1.4087e-07
818095, 1.37291e-07
1250479, 1.35612e-07
799382, 1.34115e-07
1233779, 1.33979e-07
230249, 1.33487e-07
1016642, 1.33163e-07
349746, 1.30556e-07
816130, 1.2907e-07
1165875, 1.28371e-07
946852, 1.2637e-07
23209, 1.25623e-07
1214508, 1.25338e-07
335855, 1.2449e-07
831404, 1.21215e-07
673305, 1.2022e-07
441979, 1.19546e-07
890160, 1.19266e-07
459876, 1.1719e-07
1318333, 1.17155e-07
789629, 1.16855e-07
1245658, 1.16854e-07
568244, 1.15166e-07
290971, 1.1467e-07
240729, 1.13616e-07
924450, 1.12423e-07
862917, 1.12315e-07
162069, 1.12256e-07
1303564, 1.10638e-07
816893, 1.06885e-07
1019345, 1.06871e-07
651783, 1.06567e-07
129367, 1.0432e-07
553509, 9.52263e-08
847702, 9.50287e-08
881340, 8.5523e-08
345927, 8.25047e-08
131322, 8.24239e-08
290092, 8.07689e-08
29521, 7.96419e-08
591320, 7.96391e-08
224505, 7.8712e-08
75892, 7.78423e-08
650320, 7.48206e-08
655080, 7.46078e-08
104898, 7.38315e-08
1232518, 7.08819e-08
937779, 6.53524e-08
186888, 6.43068e-08
182193, 6.37537e-08
1006269, 6.10629e-08
1009647, 6.10008e-08
410742, 5.95575e-08
189690, 5.86317e-08
561306, 5.08721e-08
253296, 4.7994e-08
537920, 4.45862e-08
438926, 3.67256e-08
513547, 3.00032e-08
46541, 2.97097e-08
998238, 2.46056e-08
174307, 2.45086e-08
821597, 1.77697e-08
307193, 0
766764, 0
865788, 0
444383, 0
623, 0
986, 0
1667, 0
3512, 0
4533, 0
5355, 0
6793, 0
6891, 0
8197, 0
8335, 0
8389, 0
9051, 0
9083, 0
9416, 0
9465, 0
9752, 0
9926, 0
10691, 0
11292, 0
12142, 0
12403, 0
12561, 0
12698, 0
13074, 0
13389, 0
14202, 0
14378, 0
15171, 0
15538, 0
15725, 0
16927, 0
18576, 0
19245, 0
19408, 0
19583, 0
19661, 0
20460, 0
20794, 0
21164, 0
22083, 0
22261, 0
22300, 0
23258, 0
23393, 0
23518, 0
23530, 0
23833, 0
23963, 0
24208, 0
24218, 0
24856, 0
25357, 0
25499, 0
25519, 0
25755, 0
26669, 0
27052, 0
29392, 0
29967, 0
30117, 0
30938, 0
31156, 0
31488, 0
32620, 0
33094, 0
33411, 0
34022, 0
34392, 0
34563, 0
34603, 0
34849, 0
35065, 0
35569, 0
35686, 0
36946, 0
37491, 0
37833, 0
38452, 0
38699, 0
39195, 0
39200, 0
39771, 0
40084, 0
40460, 0
40549, 0
41355, 0
41589, 0
41903, 0
42051, 0
42625, 0
43363, 0
43581, 0
44320, 0
44533, 0
44673, 0
45901, 0
46476, 0
46941, 0
46950, 0
47054, 0
47364, 0
48095, 0
49785, 0
51161, 0
52074, 0
52169, 0
53315, 0
54795, 0
55272, 0
55658, 0
56368, 0
56916, 0
56961, 0
57008, 0
57671, 0
57832, 0
57916, 0
58129, 0
58866, 0
58982, 0
59549, 0
59848, 0
60147, 0
60287, 0
60388, 0
60501, 0
61335, 0
61580, 0
62184, 0
62385, 0
62520, 0
64225, 0
64362, 0
64878, 0
66104, 0
66907, 0
68183, 0
68206, 0
68404, 0
68447, 0
68539, 0
68711, 0
69332, 0
69958, 0
71440, 0
72317, 0
72453, 0
72753, 0
73402, 0
74691, 0
74976, 0
75899, 0
76101, 0
77069, 0
77388, 0
77692, 0
78372, 0
78985, 0
79333, 0
79895, 0
80751, 0
82264, 0
82371, 0
82392, 0
82937, 0
83025, 0
83152, 0
84105, 0
84125, 0
84756, 0
85760, 0
86343, 0
86417, 0
87444, 0
87661, 0
88501, 0
88569, 0
88756, 0
88873, 0
89040, 0
89294, 0
89385, 0
89394, 0
89870, 0
90099, 0
90122, 0
90440, 0
90621, 0
90958, 0
91039, 0
91047, 0
91480, 0
91811, 0
92213, 0
93865, 0
93925, 0
94102, 0
94357, 0
94478, 0
95015, 0
95277, 0
96123, 0
96608, 0
96772, 0
96942, 0
98765, 0
98959, 0
99410, 0
99955, 0
100212, 0
101166, 0
101475, 0
101643, 0
102510, 0
102723, 0
102734, 0
102829, 0
103479, 0
103529, 0
103599, 0
103943, 0
104088, 0
104426, 0
105301, 0
105732, 0
105854, 0
106200, 0
106789, 0
106878, 0
107406, 0
107562, 0
107750, 0
108669, 0
110313, 0
110481, 0
110688, 0
113490, 0
113931, 0
114295, 0
114908, 0
115457, 0
116287, 0
116371, 0
116691, 0
116702, 0
117057, 0
117090, 0
117387, 0
117714, 0
118494, 0
119165, 0
119401, 0
119569, 0
119726, 0
120350, 0
120440, 0
121438, 0
122423, 0
122561, 0
122796, 0
122941, 0
124056, 0
124502, 0
125840, 0
126285, 0
127308, 0
127691, 0
128012, 0
129184, 0
129454, 0
129953, 0
130650, 0
131500, 0
131502, 0
132993, 0
133353, 0
133411, 0
134129, 0
134282, 0
134437, 0
134468, 0
134647, 0
134903, 0
135670, 0
135856, 0
136426, 0
136677, 0
136917, 0
137074, 0
138509, 0
138825, 0
139527, 0
139628, 0
139898, 0
140400, 0
140750, 0
141474, 0
141757, 0
141894, 0
142022, 0
142468, 0
143537, 0
144083, 0
144627, 0
144743, 0
144853, 0
145857, 0
145862, 0
146354, 0
146789, 0
146798, 0
146821, 0
146869, 0
148240, 0
148404, 0
148912, 0
149147, 0
149480, 0
149497, 0
149513, 0
149677, 0
149699, 0
149768, 0
149853, 0
149984, 0
150116, 0
150209, 0
150439, 0
150632, 0
150671, 0
151382, 0
151505, 0
151546, 0
151747, 0
151974, 0
152024, 0
152178, 0
152222, 0
152287, 0
152451, 0
153492, 0
154324, 0
155101, 0
155174, 0
155687, 0
156058, 0
156896, 0
157050, 0
157503, 0
157924, 0
158054, 0
158129, 0
158270, 0
158425, 0
158923, 0
159508, 0
159786, 0
159796, 0
160263, 0
160585, 0
161700, 0
162028, 0
162068, 0
162299, 0
162862, 0
162972, 0
163095, 0
163284, 0
163335, 0
163834, 0
163907, 0
164293, 0
165340, 0
165654, 0
165972, 0
166354, 0
167626, 0
167990, 0
168703, 0
168731, 0
169656, 0
169801, 0
169925, 0
170205, 0
170237, 0
170677, 0
171281, 0
171710, 0
172126, 0
172481, 0
173294, 0
173328, 0
174141, 0
174590, 0
174770, 0
175317, 0
175586, 0
175624, 0
175804, 0
176714, 0
177108, 0
177674, 0
177680, 0
178333, 0
178931, 0
179541, 0
179901, 0
180565, 0
181360, 0
181361, 0
181775, 0
182347, 0
182395, 0
182448, 0
182996, 0
183089, 0
183481, 0
183565, 0
184909, 0
186181, 0
187336, 0
187811, 0
188252, 0
188535, 0
190408, 0
190729, 0
190880, 0
191554, 0
191636, 0
191811, 0
192088, 0
192092, 0
192242, 0
192367, 0
192544, 0
193051, 0
193838, 0
194003, 0
194194, 0
194587, 0
194867, 0
195375, 0
195402, 0
195492, 0
196616, 0
196860, 0
197376, 0
199229, 0
199840, 0
199861, 0
199901, 0
200033, 0
200053, 0
200568, 0
200704, 0
200760, 0
202124, 0
202164, 0
202600, 0
203011, 0
203850, 0
204310, 0
205017, 0
205065, 0
205104, 0
205558, 0
205639, 0
205660, 0
205993, 0
206041, 0
206270, 0
206548, 0
207064, 0
208043, 0
209104, 0
209539, 0
209682, 0
209930, 0
210086, 0
210574, 0
210989, 0
211062, 0
211591, 0
212241, 0
212630, 0
214544, 0
216363, 0
216414, 0
216704, 0
216829, 0
217219, 0
217283, 0
217545, 0
217623, 0
218069, 0
218211, 0
219580, 0
219963, 0
220350, 0
220854, 0
221363, 0
221468, 0
221479, 0
221534, 0
221996, 0
223039, 0
223576, 0
224425, 0
225336, 0
226822, 0
227425, 0
227431, 0
227780, 0
228513, 0
228690, 0
229059, 0
231030, 0
231871, 0
232313, 0
232333, 0
232567, 0
232600, 0
232814, 0
234225, 0
234279, 0
234318, 0
234391, 0
234996, 0
235930, 0
236126, 0
236459, 0
236560, 0
237181, 0
237697, 0
238787, 0
238892, 0
239297, 0
239364, 0
240032, 0
240641, 0
240713, 0
241702, 0
242768, 0
243016, 0
244680, 0
244817, 0
244945, 0
244983, 0
245037, 0
245622, 0
245802, 0
246354, 0
247543, 0
249123, 0
249265, 0
249303, 0
249410, 0
249435, 0
249568, 0
250052, 0
250599, 0
250976, 0
251238, 0
251595, 0
252062, 0
253668, 0
255457, 0
255465, 0
255592, 0
255761, 0
256207, 0
256582, 0
257217, 0
261083, 0
261095, 0
261990, 0
262050, 0
262067, 0
262594, 0
262680, 0
263888, 0
265264, 0
266013, 0
267046, 0
267054, 0
267092, 0
267817, 0
268642, 0
268704, 0
268724, 0
268861, 0
269306, 0
269309, 0
270253, 0
270454, 0
270791, 0
271866, 0
272199, 0
272230, 0
272343, 0
273218, 0
273824, 0
273872, 0
274801, 0
275161, 0
275406, 0
275566, 0
275667, 0
275707, 0
275955, 0
275978, 0
275992, 0
279487, 0
280042, 0
280670, 0
280905, 0
281057, 0
281211, 0
281333, 0
282053, 0
282655, 0
283619, 0
283692, 0
283781, 0
283797, 0
283858, 0
284318, 0
284536, 0
285299, 0
285306, 0
285453, 0
285810, 0
285901, 0
285970, 0
286003, 0
286510, 0
287074, 0
287485, 0
287685, 0
288029, 0
288068, 0
288150, 0
288370, 0
288550, 0
288611, 0
289160, 0
289294, 0
289419, 0
289602, 0
289901, 0
290132, 0
290641, 0
290832, 0
290987, 0
291040, 0
291168, 0
291332, 0
291485, 0
291592, 0
292739, 0
293641, 0
294323, 0
294467, 0
295063, 0
295351, 0
295480, 0
295515, 0
295828, 0
295848, 0
295899, 0
296182, 0
296363, 0
297182, 0
298571, 0
298741, 0
298784, 0
299031, 0
299146, 0
299979, 0
300699, 0
300813, 0
300993, 0
301135, 0
301520, 0
301965, 0
302389, 0
303633, 0
305176, 0
306060, 0
306065, 0
306555, 0
306626, 0
306768, 0
307087, 0
307467, 0
308519, 0
308537, 0
309018, 0
309072, 0
309159, 0
309301, 0
309721, 0
309776, 0
309864, 0
310480, 0
311499, 0
312656, 0
312787, 0
313041, 0
313093, 0
313154, 0
313220, 0
313653, 0
315296, 0
315400, 0
315739, 0
316322, 0
316396, 0
316416, 0
316525, 0
317023, 0
317348, 0
317441, 0
317484, 0
317972, 0
320531, 0
321875, 0
321892, 0
322105, 0
322495, 0
322497, 0
322550, 0
322754, 0
324065, 0
324225, 0
326084, 0
326106, 0
326407, 0
326470, 0
326814, 0
327081, 0
327219, 0
327274, 0
328306, 0
328589, 0
330873, 0
331314, 0
331393, 0
331567, 0
332065, 0
332163, 0
332560, 0
332591, 0
332679, 0
332759, 0
333597, 0
333832, 0
333902, 0
335089, 0
335303, 0
335902, 0
336063, 0
336372, 0
336905, 0
336961, 0
337192, 0
338322, 0
338916, 0
339118, 0
339318, 0
339477, 0
339757, 0
340057, 0
340379, 0
340921, 0
341658, 0
341775, 0
341985, 0
342110, 0
342481, 0
342546, 0
343030, 0
343050, 0
343339, 0
343759, 0
343932, 0
344312, 0
345516, 0
345850, 0
345968, 0
346183, 0
346258, 0
346561, 0
346699, 0
346896, 0
347606, 0
348561, 0
349385, 0
350344, 0
350573, 0
351893, 0
352009, 0
352632, 0
354128, 0
355289, 0
355368, 0
355467, 0
356957, 0
357115, 0
357299, 0
357677, 0
357890, 0
358420, 0
358560, 0
359184, 0
359383, 0
359414, 0
359983, 0
360549, 0
360568, 0
360694, 0
360934, 0
361178, 0
361567, 0
361605, 0
361691, 0
361895, 0
361934, 0
362267, 0
362389, 0
364391, 0
364599, 0
365006, 0
365370, 0
365534, 0
366094, 0
366483, 0
366862, 0
367374, 0
367504, 0
367565, 0
368918, 0
369079, 0
369344, 0
369410, 0
371184, 0
371893, 0
371974, 0
372873, 0
374068, 0
374336, 0
374438, 0
374668, 0
374680, 0
374744, 0
375778, 0
375893, 0
376487, 0
377141, 0
377386, 0
377689, 0
377951, 0
380605, 0
381459, 0
381496, 0
381994, 0
382655, 0
384572, 0
384720, 0
385248, 0
385842, 0
386064, 0
386304, 0
386429, 0
386603, 0
386764, 0
386881, 0
386960, 0
388156, 0
388453, 0
388547, 0
389154, 0
389435, 0
391147, 0
391842, 0
392774, 0
393832, 0
394444, 0
394876, 0
394988, 0
396561, 0
397185, 0
397584, 0
397682, 0
397781, 0
398198, 0
399929, 0
401131, 0
401754, 0
402595, 0
402766, 0
402863, 0
403800, 0
404329, 0
404634, 0
404960, 0
404984, 0
405637, 0
405902, 0
406110, 0
406841, 0
406848, 0
407155, 0
408266, 0
408410, 0
408561, 0
409438, 0
409839, 0
410168, 0
410290, 0
410940, 0
411315, 0
411630, 0
411713, 0
411718, 0
411792, 0
411794, 0
411845, 0
413119, 0
413449, 0
414225, 0
414910, 0
415097, 0
415608, 0
416305, 0
416413, 0
417150, 0
417588, 0
417717, 0
419210, 0
419492, 0
419602, 0
420401, 0
420943, 0
421683, 0
424226, 0
424336, 0
424450, 0
424591, 0
424650, 0
424773, 0
424812, 0
424965, 0
425191, 0
425638, 0
425696, 0
426081, 0
428003, 0
428142, 0
428769, 0
428923, 0
429091, 0
430024, 0
430265, 0
430624, 0
430676, 0
430757, 0
432365, 0
432690, 0
432730, 0
433558, 0
433646, 0
433744, 0
434221, 0
435217, 0
435263, 0
435809, 0
436608, 0
437186, 0
437264, 0
437964, 0
438652, 0
439597, 0
439796, 0
440046, 0
440376, 0
441012, 0
441566, 0
442349, 0
443138, 0
443340, 0
444182, 0
444972, 0
445648, 0
447085, 0
447226, 0
447954, 0
450771, 0
451429, 0
451552, 0
451741, 0
451776, 0
452164, 0
453259, 0
454136, 0
455191, 0
456488, 0
456618, 0
456751, 0
457623, 0
457849, 0
457974, 0
458763, 0
459460, 0
459712, 0
460182, 0
460512, 0
460820, 0
461072, 0
461240, 0
461427, 0
461936, 0
462319, 0
463227, 0
463613, 0
463674, 0
463711, 0
463722, 0
464393, 0
465032, 0
465093, 0
465373, 0
466511, 0
466650, 0
467109, 0
467550, 0
468020, 0
468423, 0
468462, 0
468571, 0
469024, 0
469575, 0
470569, 0
470584, 0
471422, 0
471519, 0
471527, 0
471601, 0
471660, 0
472243, 0
472356, 0
472699, 0
474092, 0
474384, 0
474667, 0
475730, 0
475844, 0
475908, 0
476389, 0
476492, 0
476680, 0
477001, 0
477007, 0
477157, 0
477266, 0
477400, 0
477490, 0
477965, 0
478026, 0
478164, 0
478204, 0
478286, 0
479049, 0
480172, 0
480939, 0
481073, 0
481754, 0
481896, 0
483626, 0
485881, 0
485889, 0
485890, 0
486268, 0
486957, 0
487544, 0
488301, 0
489435, 0
489493, 0
489529, 0
490060, 0
491186, 0
492177, 0
492276, 0
492696, 0
492869, 0
493116, 0
493129, 0
493655, 0
493716, 0
494426, 0
494742, 0
494906, 0
495242, 0
495938, 0
496078, 0
496414, 0
497317, 0
497896, 0
497996, 0
498040, 0
498079, 0
498198, 0
498566, 0
498635, 0
498761, 0
499089, 0
499328, 0
499334, 0
501548, 0
502791, 0
503402, 0
503530, 0
503719, 0
503773, 0
504480, 0
504624, 0
505668, 0
506714, 0
506837, 0
506863, 0
506889, 0
507274, 0
507484, 0
507784, 0
507817, 0
507864, 0
508476, 0
509971, 0
510299, 0
510660, 0
510777, 0
512139, 0
512683, 0
512702, 0
512713, 0
512769, 0
512933, 0
513344, 0
513408, 0
513416, 0
513614, 0
513771, 0
515122, 0
515499, 0
516313, 0
516543, 0
516948, 0
518317, 0
519064, 0
519164, 0
519423, 0
519948, 0
521669, 0
521839, 0
523464, 0
524985, 0
524991, 0
525139, 0
526077, 0
526178, 0
526836, 0
527021, 0
528174, 0
528545, 0
528838, 0
528879, 0
528894, 0
529191, 0
529218, 0
529574, 0
529686, 0
529784, 0
529800, 0
529937, 0
530157, 0
530342, 0
530618, 0
531232, 0
531779, 0
532055, 0
532923, 0
533305, 0
533466, 0
534025, 0
534666, 0
535051, 0
535235, 0
536299, 0
536819, 0
536882, 0
536961, 0
538588, 0
538968, 0
539140, 0
540136, 0
540462, 0
541884, 0
542231, 0
542655, 0
543231, 0
543258, 0
545057, 0
545061, 0
547723, 0
547745, 0
547990, 0
548008, 0
548097, 0
548159, 0
549015, 0
549075, 0
549161, 0
549410, 0
550018, 0
550134, 0
550948, 0
551014, 0
551618, 0
551637, 0
551730, 0
552105, 0
552284, 0
552376, 0
552411, 0
552462, 0
552814, 0
553027, 0
553179, 0
553893, 0
554453, 0
554956, 0
555320, 0
555661, 0
556601, 0
556718, 0
556917, 0
557126, 0
557227, 0
557663, 0
558159, 0
558176, 0
558639, 0
559663, 0
559823, 0
559854, 0
561147, 0
561182, 0
561227, 0
561245, 0
561304, 0
561496, 0
562461, 0
562514, 0
562521, 0
562644, 0
562773, 0
563046, 0
563748, 0
563798, 0
563934, 0
564244, 0
565110, 0
565184, 0
565301, 0
565618, 0
565830, 0
566240, 0
566682, 0
567237, 0
567958, 0
568508, 0
568642, 0
569105, 0
569340, 0
570087, 0
570875, 0
572763, 0
573888, 0
574139, 0
574964, 0
577185, 0
577322, 0
577623, 0
577652, 0
577728, 0
578022, 0
578107, 0
578754, 0
578960, 0
579447, 0
580248, 0
581086, 0
581131, 0
581597, 0
582246, 0
582813, 0
582895, 0
583410, 0
583417, 0
585097, 0
585516, 0
585710, 0
585931, 0
586168, 0
586816, 0
587117, 0
587118, 0
587159, 0
587425, 0
587550, 0
588030, 0
588199, 0
588230, 0
588345, 0
588760, 0
588818, 0
589523, 0
589679, 0
589767, 0
589817, 0
589939, 0
590266, 0
590577, 0
590668, 0
590737, 0
591074, 0
592426, 0
593031, 0
593447, 0
593477, 0
594741, 0
595081, 0
595082, 0
596241, 0
597333, 0
597635, 0
597774, 0
597776, 0
597862, 0
598055, 0
598545, 0
598582, 0
598658, 0
598791, 0
599485, 0
600137, 0
600327, 0
600364, 0
600412, 0
600487, 0
600851, 0
601004, 0
601027, 0
601714, 0
601784, 0
601978, 0
602105, 0
602436, 0
602667, 0
602985, 0
603390, 0
603824, 0
604847, 0
605041, 0
605266, 0
606062, 0
606908, 0
606912, 0
606933, 0
607843, 0
607997, 0
608838, 0
608937, 0
609946, 0
610663, 0
610988, 0
611571, 0
611884, 0
612135, 0
612361, 0
612443, 0
612493, 0
612968, 0
613100, 0
614300, 0
614476, 0
616400, 0
617508, 0
617945, 0
617948, 0
618011, 0
618376, 0
618440, 0
619257, 0
619261, 0
619990, 0
620463, 0
621469, 0
621768, 0
622166, 0
622289, 0
622429, 0
624003, 0
624065, 0
624735, 0
625192, 0
625321, 0
625402, 0
626220, 0
627053, 0
627179, 0
627301, 0
628454, 0
628468, 0
629991, 0
630106, 0
630555, 0
630754, 0
631114, 0
632079, 0
632518, 0
632519, 0
633737, 0
634927, 0
635585, 0
635586, 0
635653, 0
635763, 0
635980, 0
637106, 0
637139, 0
637931, 0
638439, 0
638591, 0
638705, 0
638707, 0
638947, 0
639611, 0
640037, 0
640452, 0
640464, 0
640509, 0
642043, 0
642187, 0
642368, 0
642878, 0
643310, 0
643885, 0
644048, 0
644337, 0
644565, 0
644656, 0
645007, 0
645083, 0
645529, 0
646125, 0
646260, 0
648176, 0
648427, 0
649540, 0
650209, 0
650517, 0
650646, 0
650682, 0
651101, 0
651232, 0
651597, 0
651775, 0
652198, 0
652820, 0
653433, 0
653781, 0
653989, 0
654409, 0
654413, 0
654508, 0
654666, 0
654740, 0
654952, 0
655307, 0
655855, 0
656406, 0
657057, 0
657404, 0
658071, 0
658460, 0
658461, 0
658479, 0
658492, 0
658623, 0
658663, 0
658876, 0
659564, 0
659757, 0
659798, 0
660173, 0
660197, 0
660299, 0
661011, 0
661723, 0
662145, 0
662384, 0
662525, 0
662919, 0
663221, 0
663222, 0
663225, 0
664134, 0
664211, 0
664228, 0
664324, 0
664387, 0
664463, 0
665659, 0
665985, 0
665989, 0
666244, 0
666724, 0
666749, 0
666758, 0
666816, 0
666842, 0
667086, 0
667420, 0
667672, 0
667876, 0
668015, 0
668060, 0
668238, 0
668381, 0
668891, 0
668984, 0
670109, 0
670274, 0
670542, 0
670893, 0
670901, 0
671012, 0
671264, 0
671395, 0
671869, 0
672060, 0
672186, 0
672313, 0
672869, 0
673303, 0
673456, 0
673858, 0
673971, 0
674357, 0
674458, 0
674464, 0
674665, 0
674911, 0
674993, 0
675248, 0
675316, 0
675688, 0
676099, 0
676162, 0
676326, 0
676467, 0
676483, 0
676673, 0
676689, 0
676851, 0
677108, 0
677438, 0
677587, 0
677859, 0
678422, 0
678462, 0
678822, 0
679417, 0
679673, 0
680089, 0
680442, 0
680449, 0
680480, 0
680754, 0
681065, 0
681542, 0
681887, 0
682125, 0
682240, 0
682242, 0
682359, 0
683049, 0
683235, 0
683596, 0
683609, 0
683991, 0
684600, 0
685389, 0
685608, 0
686026, 0
686173, 0
686655, 0
686900, 0
687346, 0
688055, 0
688510, 0
688875, 0
688970, 0
689005, 0
689155, 0
689185, 0
689210, 0
689228, 0
689249, 0
689314, 0
689569, 0
689714, 0
689722, 0
691321, 0
691707, 0
691830, 0
692014, 0
692830, 0
693228, 0
693385, 0
693757, 0
693992, 0
694634, 0
695462, 0
695837, 0
696175, 0
696361, 0
696517, 0
696723, 0
697243, 0
697498, 0
697511, 0
697794, 0
697995, 0
699962, 0
700204, 0
701022, 0
701347, 0
701486, 0
702254, 0
702363, 0
702537, 0
703003, 0
703851, 0
704684, 0
704712, 0
704722, 0
704857, 0
704997, 0
705485, 0
705762, 0
705963, 0
706108, 0
706297, 0
706321, 0
706546, 0
706636, 0
706809, 0
707012, 0
707986, 0
708142, 0
709908, 0
710503, 0
710543, 0
710641, 0
711213, 0
711661, 0
712145, 0
712750, 0
712832, 0
713141, 0
713268, 0
713296, 0
713359, 0
715228, 0
715447, 0
715473, 0
716045, 0
716562, 0
716816, 0
717249, 0
717374, 0
717705, 0
717895, 0
718135, 0
718315, 0
718461, 0
718739, 0
719464, 0
720125, 0
720643, 0
721565, 0
721743, 0
721847, 0
722414, 0
722419, 0
722449, 0
722549, 0
722788, 0
723634, 0
723652, 0
723785, 0
723955, 0
724148, 0
724386, 0
724497, 0
724743, 0
726154, 0
728473, 0
728848, 0
728986, 0
729393, 0
729516, 0
729584, 0
729653, 0
729860, 0
730536, 0
730799, 0
731417, 0
731604, 0
731868, 0
732222, 0
732698, 0
732958, 0
733297, 0
733321, 0
733360, 0
734078, 0
734168, 0
734570, 0
734891, 0
735204, 0
735991, 0
736211, 0
736722, 0
736741, 0
737814, 0
738508, 0
738877, 0
739316, 0
739473, 0
739511, 0
739690, 0
739861, 0
739912, 0
739967, 0
741316, 0
741933, 0
742272, 0
742381, 0
742468, 0
742863, 0
743239, 0
743299, 0
743371, 0
743968, 0
743984, 0
744061, 0
744208, 0
745310, 0
745327, 0
747698, 0
747901, 0
748032, 0
748522, 0
749191, 0
749250, 0
749713, 0
750310, 0
750476, 0
750814, 0
750973, 0
751429, 0
752757, 0
753098, 0
753393, 0
754813, 0
755043, 0
755172, 0
755411, 0
755777, 0
756125, 0
756143, 0
757483, 0
758814, 0
759010, 0
759069, 0
759660, 0
760212, 0
760303, 0
760641, 0
761257, 0
761495, 0
761952, 0
762501, 0
762754, 0
763771, 0
764099, 0
764370, 0
765706, 0
765866, 0
765937, 0
765938, 0
765955, 0
766199, 0
766889, 0
767062, 0
767127, 0
767414, 0
767748, 0
768336, 0
768434, 0
768715, 0
768834, 0
768962, 0
769038, 0
769114, 0
770207, 0
770331, 0
770340, 0
771148, 0
771792, 0
772151, 0
772393, 0
773086, 0
773193, 0
773876, 0
773981, 0
774418, 0
774421, 0
774554, 0
774573, 0
774621, 0
774784, 0
775117, 0
775375, 0
777087, 0
777196, 0
777463, 0
778796, 0
779254, 0
779271, 0
779293, 0
779454, 0
780053, 0
780790, 0
780843, 0
781578, 0
781716, 0
781749, 0
781823, 0
782233, 0
782817, 0
783138, 0
783170, 0
783874, 0
784581, 0
784652, 0
785696, 0
785804, 0
786044, 0
786413, 0
786702, 0
788228, 0
788267, 0
789310, 0
789496, 0
789668, 0
790181, 0
791455, 0
791886, 0
792271, 0
793151, 0
793746, 0
794060, 0
794228, 0
794716, 0
795289, 0
795390, 0
796082, 0
796473, 0
796929, 0
797516, 0
798018, 0
798476, 0
798833, 0
799392, 0
799883, 0
800518, 0
800633, 0
800688, 0
801368, 0
801859, 0
802232, 0
802307, 0
802321, 0
802442, 0
802478, 0
802884, 0
803406, 0
804044, 0
804160, 0
804770, 0
804808, 0
805449, 0
806034, 0
806313, 0
806527, 0
807214, 0
807759, 0
808109, 0
809243, 0
809397, 0
809792, 0
810675, 0
810685, 0
810854, 0
811055, 0
811118, 0
811188, 0
812883, 0
815269, 0
815538, 0
815911, 0
816468, 0
816746, 0
817767, 0
818163, 0
818276, 0
818438, 0
818935, 0
819152, 0
819163, 0
819485, 0
819801, 0
819829, 0
820890, 0
821516, 0
821555, 0
821861, 0
822377, 0
823458, 0
824289, 0
824713, 0
824987, 0
825913, 0
826037, 0
828642, 0
828707, 0
828711, 0
829517, 0
831038, 0
831123, 0
831186, 0
831414, 0
831624, 0
832732, 0
833331, 0
833483, 0
833503, 0
833809, 0
834387, 0
835360, 0
835554, 0
835907, 0
836098, 0
836427, 0
836584, 0
836683, 0
836811, 0
837033, 0
837080, 0
837719, 0
838024, 0
838141, 0
838159, 0
840177, 0
840961, 0
841462, 0
841490, 0
841879, 0
841953, 0
842171, 0
842588, 0
842819, 0
842832, 0
842927, 0
844436, 0
844509, 0
844569, 0
845185, 0
845806, 0
846061, 0
846308, 0
846533, 0
846604, 0
847125, 0
847340, 0
847438, 0
847958, 0
848422, 0
848874, 0
849050, 0
849974, 0
850318, 0
850532, 0
850625, 0
850856, 0
851062, 0
851213, 0
851412, 0
851631, 0
852608, 0
852994, 0
853068, 0
853496, 0
853502, 0
853807, 0
854047, 0
854464, 0
854478, 0
854761, 0
855045, 0
855533, 0
856474, 0
856817, 0
857160, 0
857690, 0
857840, 0
858513, 0
858910, 0
859336, 0
859570, 0
859888, 0
860439, 0
860958, 0
861266, 0
862288, 0
862446, 0
862942, 0
863438, 0
863493, 0
863827, 0
863839, 0
864031, 0
864470, 0
864816, 0
864823, 0
865381, 0
866453, 0
867372, 0
867574, 0
869130, 0
869880, 0
870142, 0
870417, 0
870643, 0
871092, 0
871103, 0
871606, 0
871942, 0
872185, 0
873519, 0
873900, 0
875096, 0
875308, 0
875582, 0
876285, 0
876707, 0
876822, 0
877338, 0
879197, 0
879510, 0
879775, 0
879959, 0
879994, 0
880164, 0
880983, 0
881269, 0
881316, 0
881640, 0
881981, 0
882284, 0
883039, 0
883076, 0
883322, 0
883409, 0
883818, 0
884999, 0
885243, 0
885553, 0
886998, 0
887234, 0
887886, 0
888698, 0
888853, 0
889043, 0
890519, 0
891656, 0
891747, 0
892309, 0
893107, 0
893132, 0
893975, 0
894242, 0
895094, 0
895240, 0
896547, 0
896765, 0
897040, 0
897355, 0
897501, 0
897536, 0
897543, 0
898766, 0
898976, 0
899036, 0
900252, 0
900342, 0
901418, 0
901598, 0
902624, 0
903059, 0
903245, 0
903311, 0
903415, 0
903667, 0
904533, 0
905095, 0
905378, 0
905385, 0
906018, 0
906365, 0
906370, 0
906690, 0
907217, 0
907688, 0
907787, 0
907889, 0
908153, 0
908474, 0
909276, 0
909503, 0
909530, 0
909556, 0
909826, 0
910224, 0
910320, 0
910438, 0
910452, 0
910698, 0
911732, 0
911988, 0
912182, 0
912795, 0
913527, 0
915264, 0
915266, 0
915416, 0
916767, 0
917661, 0
917983, 0
918036, 0
918262, 0
918709, 0
918743, 0
918836, 0
919243, 0
919548, 0
920082, 0
920088, 0
921623, 0
922240, 0
922352, 0
922505, 0
922541, 0
923934, 0
924429, 0
925262, 0
925696, 0
926215, 0
926476, 0
928132, 0
928360, 0
928467, 0
928641, 0
929617, 0
930183, 0
930254, 0
930322, 0
930449, 0
931192, 0
931547, 0
931747, 0
932290, 0
932296, 0
932796, 0
933546, 0
933884, 0
934274, 0
934415, 0
935776, 0
936297, 0
936321, 0
936870, 0
936945, 0
938244, 0
940710, 0
942069, 0
942208, 0
942827, 0
943430, 0
943556, 0
943595, 0
944565, 0
944583, 0
944624, 0
945293, 0
945709, 0
945782, 0
946473, 0
947064, 0
947166, 0
947459, 0
948809, 0
948884, 0
950304, 0
951050, 0
951175, 0
951278, 0
951397, 0
953099, 0
953207, 0
954047, 0
954089, 0
954833, 0
954950, 0
955714, 0
956477, 0
957252, 0
957288, 0
958623, 0
958763, 0
959123, 0
959427, 0
961158, 0
961638, 0
961963, 0
962865, 0
963116, 0
963241, 0
963243, 0
963409, 0
963974, 0
963982, 0
964007, 0
964905, 0
965616, 0
966051, 0
966722, 0
967322, 0
967403, 0
967881, 0
968218, 0
968632, 0
968723, 0
969519, 0
969944, 0
971422, 0
971627, 0
971784, 0
973089, 0
973804, 0
974984, 0
975056, 0
975318, 0
975713, 0
976604, 0
977473, 0
977732, 0
978200, 0
978429, 0
978437, 0
978653, 0
979107, 0
979396, 0
979885, 0
980947, 0
980954, 0
981600, 0
981760, 0
982227, 0
982412, 0
982518, 0
982887, 0
983432, 0
983642, 0
984240, 0
984477, 0
985681, 0
986488, 0
986907, 0
987158, 0
987779, 0
989319, 0
989950, 0
990109, 0
991255, 0
991528, 0
992003, 0
992069, 0
992973, 0
993292, 0
993299, 0
994137, 0
994354, 0
994560, 0
995490, 0
996436, 0
996827, 0
996850, 0
996887, 0
996895, 0
997238, 0
997691, 0
997700, 0
998070, 0
998771, 0
998914, 0
999153, 0
1000618, 0
1001283, 0
1001490, 0
1001585, 0
1001808, 0
1001853, 0
1002773, 0
1003319, 0
1003350, 0
1004176, 0
1006483, 0
1006511, 0
1006575, 0
1006809, 0
1007202, 0
1007905, 0
1008887, 0
1008902, 0
1008914, 0
1009151, 0
1009542, 0
1009770, 0
1009987, 0
1010599, 0
1010765, 0
1010913, 0
1011128, 0
1012133, 0
1012246, 0
1012757, 0
1012770, 0
1014197, 0
1014416, 0
1015085, 0
1015702, 0
1016243, 0
1016563, 0
1017102, 0
1017311, 0
1018463, 0
1019343, 0
1019450, 0
1019829, 0
1020900, 0
1021920, 0
1022576, 0
1022717, 0
1022949, 0
1023221, 0
1023557, 0
1023768, 0
1024091, 0
1024186, 0
1024194, 0
1024414, 0
1024419, 0
1024468, 0
1024490, 0
1024622, 0
1024750, 0
1026859, 0
1027412, 0
1028244, 0
1028974, 0
1032334, 0
1032537, 0
1032818, 0
1033288, 0
1033856, 0
1035281, 0
1035371, 0
1035448, 0
1035703, 0
1036155, 0
1036503, 0
1036759, 0
1036875, 0
1037527, 0
1037725, 0
1037778, 0
1037823, 0
1038668, 0
1039688, 0
1040704, 0
1040751, 0
1040974, 0
1041162, 0
1041167, 0
1041359, 0
1041495, 0
1041763, 0
1041835, 0
1042863, 0
1042952, 0
1043671, 0
1044405, 0
1044618, 0
1044624, 0
1044997, 0
1045695, 0
1045736, 0
1045753, 0
1047068, 0
1047080, 0
1047127, 0
1047506, 0
1047949, 0
1048776, 0
1049383, 0
1049627, 0
1049687, 0
1049944, 0
1049980, 0
1051220, 0
1052195, 0
1052771, 0
1052841, 0
1054347, 0
1054586, 0
1055988, 0
1056193, 0
1057014, 0
1057758, 0
1057787, 0
1058018, 0
1058047, 0
1058214, 0
1058265, 0
1058332, 0
1058645, 0
1058808, 0
1059558, 0
1059681, 0
1060456, 0
1061125, 0
1061589, 0
1062054, 0
1062134, 0
1062883, 0
1062985, 0
1063094, 0
1063098, 0
1063497, 0
1064292, 0
1064444, 0
1064464, 0
1064633, 0
1065519, 0
1065553, 0
1065672, 0
1066529, 0
1066796, 0
1067156, 0
1067620, 0
1068665, 0
1068854, 0
1069138, 0
1070809, 0
1071942, 0
1072637, 0
1073197, 0
1073502, 0
1074374, 0
1075976, 0
1076681, 0
1077256, 0
1077627, 0
1077744, 0
1079066, 0
1080223, 0
1080310, 0
1081280, 0
1081552, 0
1081726, 0
1081992, 0
1082926, 0
1083548, 0
1084689, 0
1084830, 0
1085158, 0
1085283, 0
1085371, 0
1085448, 0
1085589, 0
1085631, 0
1086597, 0
1087540, 0
1087558, 0
1087810, 0
1087940, 0
1088970, 0
1089009, 0
1089051, 0
1089071, 0
1089348, 0
1090399, 0
1091343, 0
1092205, 0
1092772, 0
1093640, 0
1094182, 0
1096321, 0
1097530, 0
1100599, 0
1100963, 0
1101271, 0
1101648, 0
1101709, 0
1101920, 0
1101998, 0
1102458, 0
1104118, 0
1104119, 0
1104154, 0
1104223, 0
1104245, 0
1105913, 0
1105930, 0
1106083, 0
1106363, 0
1107468, 0
1108308, 0
1108540, 0
1109288, 0
1109305, 0
1109402, 0
1110425, 0
1111206, 0
1111359, 0
1111723, 0
1114592, 0
1114902, 0
1114953, 0
1114955, 0
1115514, 0
1116423, 0
1116655, 0
1116824, 0
1117824, 0
1118788, 0
1119114, 0
1119189, 0
1119528, 0
1119748, 0
1121504, 0
1121990, 0
1122309, 0
1122542, 0
1122733, 0
1124372, 0
1124435, 0
1125266, 0
1125630, 0
1126301, 0
1126697, 0
1128257, 0
1128285, 0
1129612, 0
1129869, 0
1130000, 0
1130874, 0
1130928, 0
1130943, 0
1131415, 0
1131496, 0
1132016, 0
1132244, 0
1132971, 0
1132990, 0
1133508, 0
1133868, 0
1134512, 0
1134753, 0
1135378, 0
1136147, 0
1136246, 0
1136532, 0
1137610, 0
1138856, 0
1139351, 0
1140613, 0
1140791, 0
1141187, 0
1141290, 0
1141372, 0
1143558, 0
1144084, 0
1144088, 0
1144977, 0
1145721, 0
1146214, 0
1148144, 0
1148390, 0
1148848, 0
1149708, 0
1149959, 0
1150360, 0
1151484, 0
1151654, 0
1154090, 0
1154534, 0
1155865, 0
1156503, 0
1159211, 0
1159592, 0
1159688, 0
1159902, 0
1160370, 0
1161639, 0
1161955, 0
1162345, 0
1163397, 0
1163747, 0
1164881, 0
1165267, 0
1165467, 0
1165689, 0
1166917, 0
1167049, 0
1167099, 0
1167267, 0
1167662, 0
1168318, 0
1169055, 0
1169333, 0
1170318, 0
1170732, 0
1170844, 0
1171489, 0
1172229, 0
1172743, 0
1173516, 0
1173639, 0
1173720, 0
1173894, 0
1174214, 0
1174495, 0
1174547, 0
1174884, 0
1174962, 0
1175461, 0
1176077, 0
1176636, 0
1177246, 0
1177384, 0
1178028, 0
1178535, 0
1178576, 0
1179184, 0
1179463, 0
1180134, 0
1180313, 0
1180664, 0
1181257, 0
1182745, 0
1184124, 0
1184179, 0
1184194, 0
1184494, 0
1185936, 0
1186256, 0
1186258, 0
1186385, 0
1186652, 0
1187176, 0
1187384, 0
1188041, 0
1188172, 0
1188547, 0
1189541, 0
1189991, 0
1190113, 0
1190625, 0
1190675, 0
1191074, 0
1191079, 0
1191247, 0
1191562, 0
1192476, 0
1192584, 0
1193490, 0
1193814, 0
1193890, 0
1193944, 0
1194389, 0
1195180, 0
1195946, 0
1195997, 0
1196251, 0
1196487, 0
1197112, 0
1197997, 0
1198636, 0
1199189, 0
1199600, 0
1199696, 0
1199965, 0
1200135, 0
1201206, 0
1201503, 0
1201806, 0
1202300, 0
1202860, 0
1203129, 0
1203812, 0
1204051, 0
1204293, 0
1204711, 0
1204950, 0
1205055, 0
1205125, 0
1205485, 0
1205570, 0
1206986, 0
1207117, 0
1207170, 0
1207540, 0
1207600, 0
1207684, 0
1207933, 0
1208157, 0
1208909, 0
1209183, 0
1209331, 0
1209341, 0
1209525, 0
1209783, 0
1211607, 0
1212296, 0
1212435, 0
1213296, 0
1213536, 0
1214020, 0
1214282, 0
1214658, 0
1215316, 0
1217202, 0
1217776, 0
1217801, 0
1218884, 0
1218918, 0
1219037, 0
1219080, 0
1219620, 0
1219901, 0
1221411, 0
1221575, 0
1221724, 0
1221774, 0
1222022, 0
1222409, 0
1222598, 0
1223810, 0
1224053, 0
1224108, 0
1224265, 0
1224471, 0
1224964, 0
1225245, 0
1225526, 0
1226012, 0
1226938, 0
1226996, 0
1227666, 0
1228586, 0
1228702, 0
1228723, 0
1229249, 0
1229371, 0
1229626, 0
1230353, 0
1230576, 0
1230783, 0
1231003, 0
1231336, 0
1231536, 0
1232001, 0
1233665, 0
1234108, 0
1234974, 0
1235158, 0
1236100, 0
1236469, 0
1236864, 0
1237048, 0
1237950, 0
1238041, 0
1238500, 0
1239161, 0
1241132, 0
1242177, 0
1243145, 0
1243281, 0
1243628, 0
1244628, 0
1245010, 0
1245053, 0
1245580, 0
1246369, 0
1246448, 0
1246456, 0
1246964, 0
1247909, 0
1248014, 0
1248395, 0
1248464, 0
1248489, 0
1248535, 0
1248810, 0
1249383, 0
1249813, 0
1249843, 0
1250007, 0
1250496, 0
1250856, 0
1251713, 0
1251842, 0
1252938, 0
1252978, 0
1253049, 0
1253102, 0
1253668, 0
1256021, 0
1256438, 0
1256569, 0
1256812, 0
1258130, 0
1258175, 0
1258360, 0
1259633, 0
1260274, 0
1260342, 0
1264401, 0
1264817, 0
1264951, 0
1265133, 0
1265645, 0
1265681, 0
1266061, 0
1266317, 0
1266675, 0
1267638, 0
1267997, 0
1268184, 0
1268511, 0
1268841, 0
1269507, 0
1269891, 0
1269914, 0
1270147, 0
1270993, 0
1271508, 0
1271841, 0
1271853, 0
1272257, 0
1272781, 0
1272801, 0
1272875, 0
1273067, 0
1273153, 0
1274749, 0
1275019, 0
1275029, 0
1275452, 0
1275803, 0
1275958, 0
1276678, 0
1277422, 0
1277668, 0
1277771, 0
1277842, 0
1279109, 0
1280022, 0
1280387, 0
1281112, 0
1281288, 0
1281814, 0
1282094, 0
1282255, 0
1282843, 0
1284057, 0
1284241, 0
1284445, 0
1285771, 0
1287056, 0
1287548, 0
1287662, 0
1287674, 0
1288674, 0
1289424, 0
1291386, 0
1291686, 0
1291809, 0
1292027, 0
1292566, 0
1294470, 0
1294563, 0
1294871, 0
1295253, 0
1295395, 0
1295418, 0
1296390, 0
1298025, 0
1298677, 0
1299501, 0
1299952, 0
1300206, 0
1300652, 0
1301326, 0
1302539, 0
1302602, 0
1303106, 0
1303197, 0
1303845, 0
1304327, 0
1306066, 0
1306207, 0
1306293, 0
1307548, 0
1307732, 0
1308051, 0
1308110, 0
1308161, 0
1308259, 0
1308819, 0
1308970, 0
1309228, 0
1309553, 0
1309923, 0
1310359, 0
1310726, 0
1310742, 0
1311178, 0
1312574, 0
1312622, 0
1312772, 0
1312982, 0
1313539, 0
1313934, 0
1313993, 0
1314430, 0
1315722, 0
1315826, 0
1316047, 0
1316822, 0
1318110, 0
1318189, 0
1318388, 0
1318542, 0
1318547, 0
1318687, 0
1318913, 0
1319849, 0
1321112, 0
792725, 0
1031090, 0
824484, 0
46018, 0
189473, 0
492880, 0
137636, 0
252908, 0
973612, 0
171344, 0
796250, 0
560565, 0
199105, 0
848345, 0
475454, 0
1100064, 0
257322, 0
1082000, 0
268243, 0
490890, 0
497687, 0
905267, 0
936658, 0
246798, 0
756842, 0
900727, 0
931801, 0
589712, 0
1081904, 0
666840, 0
1229217, 0
889955, 0
264946, 0
136477, 0
676541, 0
408311, 0
299223, 0
316393, 0
852186, 0
1122184, 0
